dim =58; seed =9383; |b1|=1.28827*GH
first vector = [152 -135 58 -216 162 -257 -140 299 -78 -88 278 -133 -272 -193 -91 -352 215 9 44 -401 -287 -40 201 200 -385 -60 31 -314 -119 -218 -866 286 714 -541 -209 -17 -639 -70 -525 149 -331 250 -122 157 225 130 1107 -37 -266 -24 -33 350 -63 -530 565 617 -166 -9]
dim =58; seed =9383; |b1|=1.51751*GH
first vector = [-465 381 171 -318 -504 -102 107 639 -286 418 -62 420 142 -336 -353 -29 336 -578 243 367 309 -353 158 99 -73 -637 -233 -405 -179 497 -118 746 223 -157 310 12 93 244 626 -75 403 846 614 239 1032 595 -122 595 233 457 373 459 232 220 -368 -305 40 0]
dim =58; seed =9383; |b1|=1.51751*GH
first vector = [-465 381 171 -318 -504 -102 107 639 -286 418 -62 420 142 -336 -353 -29 336 -578 243 367 309 -353 158 99 -73 -637 -233 -405 -179 497 -118 746 223 -157 310 12 93 244 626 -75 403 846 614 239 1032 595 -122 595 233 457 373 459 232 220 -368 -305 40 0]
dim =58; seed =9383; |b1|=1.51751*GH
first vector = [-465 381 171 -318 -504 -102 107 639 -286 418 -62 420 142 -336 -353 -29 336 -578 243 367 309 -353 158 99 -73 -637 -233 -405 -179 497 -118 746 223 -157 310 12 93 244 626 -75 403 846 614 239 1032 595 -122 595 233 457 373 459 232 220 -368 -305 40 0]
dim =58; seed =9383; |b1|=1.51751*GH
first vector = [-465 381 171 -318 -504 -102 107 639 -286 418 -62 420 142 -336 -353 -29 336 -578 243 367 309 -353 158 99 -73 -637 -233 -405 -179 497 -118 746 223 -157 310 12 93 244 626 -75 403 846 614 239 1032 595 -122 595 233 457 373 459 232 220 -368 -305 40 0]
dim =58; seed =9383; |b1|=1.51751*GH
first vector = [-465 381 171 -318 -504 -102 107 639 -286 418 -62 420 142 -336 -353 -29 336 -578 243 367 309 -353 158 99 -73 -637 -233 -405 -179 497 -118 746 223 -157 310 12 93 244 626 -75 403 846 614 239 1032 595 -122 595 233 457 373 459 232 220 -368 -305 40 0]
dim =58; seed =9383; |b1|=1.51751*GH
first vector = [-465 381 171 -318 -504 -102 107 639 -286 418 -62 420 142 -336 -353 -29 336 -578 243 367 309 -353 158 99 -73 -637 -233 -405 -179 497 -118 746 223 -157 310 12 93 244 626 -75 403 846 614 239 1032 595 -122 595 233 457 373 459 232 220 -368 -305 40 0]
dim =58; seed =9383; |b1|=1.51751*GH
first vector = [-465 381 171 -318 -504 -102 107 639 -286 418 -62 420 142 -336 -353 -29 336 -578 243 367 309 -353 158 99 -73 -637 -233 -405 -179 497 -118 746 223 -157 310 12 93 244 626 -75 403 846 614 239 1032 595 -122 595 233 457 373 459 232 220 -368 -305 40 0]
dim =58; seed =9383; |b1|=1.51751*GH
first vector = [-465 381 171 -318 -504 -102 107 639 -286 418 -62 420 142 -336 -353 -29 336 -578 243 367 309 -353 158 99 -73 -637 -233 -405 -179 497 -118 746 223 -157 310 12 93 244 626 -75 403 846 614 239 1032 595 -122 595 233 457 373 459 232 220 -368 -305 40 0]
dim =58; seed =9383; |b1|=1.51751*GH
first vector = [-465 381 171 -318 -504 -102 107 639 -286 418 -62 420 142 -336 -353 -29 336 -578 243 367 309 -353 158 99 -73 -637 -233 -405 -179 497 -118 746 223 -157 310 12 93 244 626 -75 403 846 614 239 1032 595 -122 595 233 457 373 459 232 220 -368 -305 40 0]
dim =58; seed =9383; |b1|=1.51751*GH
first vector = [-465 381 171 -318 -504 -102 107 639 -286 418 -62 420 142 -336 -353 -29 336 -578 243 367 309 -353 158 99 -73 -637 -233 -405 -179 497 -118 746 223 -157 310 12 93 244 626 -75 403 846 614 239 1032 595 -122 595 233 457 373 459 232 220 -368 -305 40 0]
dim =58; seed =9383; |b1|=1.51751*GH
first vector = [-465 381 171 -318 -504 -102 107 639 -286 418 -62 420 142 -336 -353 -29 336 -578 243 367 309 -353 158 99 -73 -637 -233 -405 -179 497 -118 746 223 -157 310 12 93 244 626 -75 403 846 614 239 1032 595 -122 595 233 457 373 459 232 220 -368 -305 40 0]
dim =58; seed =9383; |b1|=1.51751*GH
first vector = [-465 381 171 -318 -504 -102 107 639 -286 418 -62 420 142 -336 -353 -29 336 -578 243 367 309 -353 158 99 -73 -637 -233 -405 -179 497 -118 746 223 -157 310 12 93 244 626 -75 403 846 614 239 1032 595 -122 595 233 457 373 459 232 220 -368 -305 40 0]
dim =58; seed =9383; |b1|=1.51751*GH
first vector = [-465 381 171 -318 -504 -102 107 639 -286 418 -62 420 142 -336 -353 -29 336 -578 243 367 309 -353 158 99 -73 -637 -233 -405 -179 497 -118 746 223 -157 310 12 93 244 626 -75 403 846 614 239 1032 595 -122 595 233 457 373 459 232 220 -368 -305 40 0]
dim =58; seed =9383; |b1|=1.51751*GH
first vector = [-465 381 171 -318 -504 -102 107 639 -286 418 -62 420 142 -336 -353 -29 336 -578 243 367 309 -353 158 99 -73 -637 -233 -405 -179 497 -118 746 223 -157 310 12 93 244 626 -75 403 846 614 239 1032 595 -122 595 233 457 373 459 232 220 -368 -305 40 0]
dim =58; seed =9383; |b1|=1.51751*GH
first vector = [-465 381 171 -318 -504 -102 107 639 -286 418 -62 420 142 -336 -353 -29 336 -578 243 367 309 -353 158 99 -73 -637 -233 -405 -179 497 -118 746 223 -157 310 12 93 244 626 -75 403 846 614 239 1032 595 -122 595 233 457 373 459 232 220 -368 -305 40 0]
dim =58; seed =9383; |b1|=1.51751*GH
first vector = [-465 381 171 -318 -504 -102 107 639 -286 418 -62 420 142 -336 -353 -29 336 -578 243 367 309 -353 158 99 -73 -637 -233 -405 -179 497 -118 746 223 -157 310 12 93 244 626 -75 403 846 614 239 1032 595 -122 595 233 457 373 459 232 220 -368 -305 40 0]
dim =58; seed =9383; |b1|=1.51751*GH
first vector = [-465 381 171 -318 -504 -102 107 639 -286 418 -62 420 142 -336 -353 -29 336 -578 243 367 309 -353 158 99 -73 -637 -233 -405 -179 497 -118 746 223 -157 310 12 93 244 626 -75 403 846 614 239 1032 595 -122 595 233 457 373 459 232 220 -368 -305 40 0]
