[[1649896072857088470820998542225432929297893472451557256832897098457004783732622220789792302507228979427547190067429523014223694285045617018077758351683 0 0 0 0 0 0 0 0 0 0 0 0 0 0 0 0 0 0 0 0 0 0 0 0 0 0 0 0 0 0 0 0 0 0 0 0 0 0 0 0 0 0 0 0 0 0 0 0 0]
[949272334778480524827221151515376519077220398445520775809901268933151090158674976346549370279950511006868235102004434601279966871144988539223758829755 1 0 0 0 0 0 0 0 0 0 0 0 0 0 0 0 0 0 0 0 0 0 0 0 0 0 0 0 0 0 0 0 0 0 0 0 0 0 0 0 0 0 0 0 0 0 0 0 0]
[719585589071684679744828797955498507731040185598595446975270507499787227997858272594759525452623250521952379098787929034608368582408874350663951787803 0 1 0 0 0 0 0 0 0 0 0 0 0 0 0 0 0 0 0 0 0 0 0 0 0 0 0 0 0 0 0 0 0 0 0 0 0 0 0 0 0 0 0 0 0 0 0 0 0]
[1153371897576489479268577803072419825651086214068595140607766107908781742762865022441342856136229153143319613655045094266880105598525208753719304859803 0 0 1 0 0 0 0 0 0 0 0 0 0 0 0 0 0 0 0 0 0 0 0 0 0 0 0 0 0 0 0 0 0 0 0 0 0 0 0 0 0 0 0 0 0 0 0 0 0]
[1010949440625990566659532907094362826413970761331473521925466819382304763475553406680010488373925285216693213138336729480515058911498892825586831222446 0 0 0 1 0 0 0 0 0 0 0 0 0 0 0 0 0 0 0 0 0 0 0 0 0 0 0 0 0 0 0 0 0 0 0 0 0 0 0 0 0 0 0 0 0 0 0 0 0]
[1088532719033597767333624498276589321611190602239119906337189080029899936012636117146691562064539147915313144568955060504188439779195640848005474310990 0 0 0 0 1 0 0 0 0 0 0 0 0 0 0 0 0 0 0 0 0 0 0 0 0 0 0 0 0 0 0 0 0 0 0 0 0 0 0 0 0 0 0 0 0 0 0 0 0]
[94708851166331358219178041428366470159728482705145901581277136643591284574042379629751656532761515548007907485605948448801766553199534382622557295622 0 0 0 0 0 1 0 0 0 0 0 0 0 0 0 0 0 0 0 0 0 0 0 0 0 0 0 0 0 0 0 0 0 0 0 0 0 0 0 0 0 0 0 0 0 0 0 0 0]
[271231186768733433162007012558285371521926400740667090935161997891325402678945719804522996610567881519296448224033872464837267791109332230093885170835 0 0 0 0 0 0 1 0 0 0 0 0 0 0 0 0 0 0 0 0 0 0 0 0 0 0 0 0 0 0 0 0 0 0 0 0 0 0 0 0 0 0 0 0 0 0 0 0 0]
[1127217762193341346089637398303897146101597382155251570056173399890757278464756331552167238312830659558300157845448527681810490347112386195409857649452 0 0 0 0 0 0 0 1 0 0 0 0 0 0 0 0 0 0 0 0 0 0 0 0 0 0 0 0 0 0 0 0 0 0 0 0 0 0 0 0 0 0 0 0 0 0 0 0 0]
[1187609889185168404304872626023247079102285410926483125569762349402243753765267593957908527891525500676260502592699263593302774109305106241412867572365 0 0 0 0 0 0 0 0 1 0 0 0 0 0 0 0 0 0 0 0 0 0 0 0 0 0 0 0 0 0 0 0 0 0 0 0 0 0 0 0 0 0 0 0 0 0 0 0 0]
[967854164239595595099884015859498598989145848520671029375878877608996988424801198719905790533487284700553396311762428872416361136787686084196524837721 0 0 0 0 0 0 0 0 0 1 0 0 0 0 0 0 0 0 0 0 0 0 0 0 0 0 0 0 0 0 0 0 0 0 0 0 0 0 0 0 0 0 0 0 0 0 0 0 0]
[499333034265982324726628815549882902636823113259425143957753013565604612764903367689969594273213196962502873277575407680364684934371244716806807651499 0 0 0 0 0 0 0 0 0 0 1 0 0 0 0 0 0 0 0 0 0 0 0 0 0 0 0 0 0 0 0 0 0 0 0 0 0 0 0 0 0 0 0 0 0 0 0 0 0]
[1628937295679514158442031570570432457735320783872803664942357312998667635476695578880114092498554089479110259709578937965960368261065291136453093938607 0 0 0 0 0 0 0 0 0 0 0 1 0 0 0 0 0 0 0 0 0 0 0 0 0 0 0 0 0 0 0 0 0 0 0 0 0 0 0 0 0 0 0 0 0 0 0 0 0]
[1638888509872641374276188016735949303834391050946401844416698632924611032186796284611038557454396113469568088210816995608425155977421266583859560217743 0 0 0 0 0 0 0 0 0 0 0 0 1 0 0 0 0 0 0 0 0 0 0 0 0 0 0 0 0 0 0 0 0 0 0 0 0 0 0 0 0 0 0 0 0 0 0 0 0]
[1629985210962943211860457001333272140791612515285339868955663542393953494384759277748935903795715835259779420727265628797095487746433445483940399337433 0 0 0 0 0 0 0 0 0 0 0 0 0 1 0 0 0 0 0 0 0 0 0 0 0 0 0 0 0 0 0 0 0 0 0 0 0 0 0 0 0 0 0 0 0 0 0 0 0]
[951014449026232663938949230873267332016074269761494430435397720135924971703753028977962593302828633206281985557881485218448681603665023041214910876948 0 0 0 0 0 0 0 0 0 0 0 0 0 0 1 0 0 0 0 0 0 0 0 0 0 0 0 0 0 0 0 0 0 0 0 0 0 0 0 0 0 0 0 0 0 0 0 0 0]
[1283275388590712331323788395972767943946943463978987539279990573348387046752545052204502171856295509453407805456417343520831899352510880452883647095119 0 0 0 0 0 0 0 0 0 0 0 0 0 0 0 1 0 0 0 0 0 0 0 0 0 0 0 0 0 0 0 0 0 0 0 0 0 0 0 0 0 0 0 0 0 0 0 0 0]
[654976252014858778237828233738077344640605525952742872249080576401891204275667471512424292464950299037660215048513053035923386589479454437932011525906 0 0 0 0 0 0 0 0 0 0 0 0 0 0 0 0 1 0 0 0 0 0 0 0 0 0 0 0 0 0 0 0 0 0 0 0 0 0 0 0 0 0 0 0 0 0 0 0 0]
[488991351677045928624079313065543639991489371850866852522749462553468106566185694293546911373232654310173942896376524989556794650004465307276748192990 0 0 0 0 0 0 0 0 0 0 0 0 0 0 0 0 0 1 0 0 0 0 0 0 0 0 0 0 0 0 0 0 0 0 0 0 0 0 0 0 0 0 0 0 0 0 0 0 0]
[35020364135696727937633915494430127837758212728084276238653263792211309365872261620846283639950145051100397408442753958706450156870496105979038825036 0 0 0 0 0 0 0 0 0 0 0 0 0 0 0 0 0 0 1 0 0 0 0 0 0 0 0 0 0 0 0 0 0 0 0 0 0 0 0 0 0 0 0 0 0 0 0 0 0]
[1638189728542876370597623624342428726995995363699631238566264709602036590465320129730238076036687235362126319652786885558861652225286197916165677441055 0 0 0 0 0 0 0 0 0 0 0 0 0 0 0 0 0 0 0 1 0 0 0 0 0 0 0 0 0 0 0 0 0 0 0 0 0 0 0 0 0 0 0 0 0 0 0 0 0]
[1343542144666221345273118020829101398760542302379772337109261808869020042658594343702700440511538376472127613291613557028263112862170550396145738502678 0 0 0 0 0 0 0 0 0 0 0 0 0 0 0 0 0 0 0 0 1 0 0 0 0 0 0 0 0 0 0 0 0 0 0 0 0 0 0 0 0 0 0 0 0 0 0 0 0]
[1172358386632886424656042780460369726895720875574545658848487243647888278378097693725476407653654625533727339085954575180372254368541084928045242984053 0 0 0 0 0 0 0 0 0 0 0 0 0 0 0 0 0 0 0 0 0 1 0 0 0 0 0 0 0 0 0 0 0 0 0 0 0 0 0 0 0 0 0 0 0 0 0 0 0]
[239767364065898016921881551382711478806798728464159528596644788895424978913322558084873820335051096007456529247440542728760821237581182013495221959210 0 0 0 0 0 0 0 0 0 0 0 0 0 0 0 0 0 0 0 0 0 0 1 0 0 0 0 0 0 0 0 0 0 0 0 0 0 0 0 0 0 0 0 0 0 0 0 0 0]
[684260696180480541617750412774070187932551336204162289781852776503398385391297441577659042401545727317883985029818364323394634197542417171238321552161 0 0 0 0 0 0 0 0 0 0 0 0 0 0 0 0 0 0 0 0 0 0 0 1 0 0 0 0 0 0 0 0 0 0 0 0 0 0 0 0 0 0 0 0 0 0 0 0 0]
[370249332766237186410037836049043052109562071715251807857285505872712078742570847325423961202310012509985311003360422383680530896718972342181316321987 0 0 0 0 0 0 0 0 0 0 0 0 0 0 0 0 0 0 0 0 0 0 0 0 1 0 0 0 0 0 0 0 0 0 0 0 0 0 0 0 0 0 0 0 0 0 0 0 0]
[1057108628254351222768059347006182659263828167443951462808733815030913687911197667498573116573716002926715976108968046067638391908843207127280409422404 0 0 0 0 0 0 0 0 0 0 0 0 0 0 0 0 0 0 0 0 0 0 0 0 0 1 0 0 0 0 0 0 0 0 0 0 0 0 0 0 0 0 0 0 0 0 0 0 0]
[898091267239159557139953778293004210631982427438620772972074382562556761548050849437715200787290090553725508353402823591744056663435872865679939880034 0 0 0 0 0 0 0 0 0 0 0 0 0 0 0 0 0 0 0 0 0 0 0 0 0 0 1 0 0 0 0 0 0 0 0 0 0 0 0 0 0 0 0 0 0 0 0 0 0]
[971094800811790757536251201495653886105335147032619151431628155735460924639323588065862692120279485827197436007936189141299100509563380000459559160675 0 0 0 0 0 0 0 0 0 0 0 0 0 0 0 0 0 0 0 0 0 0 0 0 0 0 0 1 0 0 0 0 0 0 0 0 0 0 0 0 0 0 0 0 0 0 0 0 0]
[36741447654207197764571194948130869359328922802599668612438955792543737065616231786424513364047937317061637792323766678495815684160036736656795355038 0 0 0 0 0 0 0 0 0 0 0 0 0 0 0 0 0 0 0 0 0 0 0 0 0 0 0 0 1 0 0 0 0 0 0 0 0 0 0 0 0 0 0 0 0 0 0 0 0]
[467053317728753025072595947120775464881818791748540950453352441964222253894209940614689351498426014469000239231265156264220078257771941406215197340965 0 0 0 0 0 0 0 0 0 0 0 0 0 0 0 0 0 0 0 0 0 0 0 0 0 0 0 0 0 1 0 0 0 0 0 0 0 0 0 0 0 0 0 0 0 0 0 0 0]
[805644934307097716278172880376086425696578329366406995216358182681273197466050406854658966493541651495381336727249270378352798996455406865202607665227 0 0 0 0 0 0 0 0 0 0 0 0 0 0 0 0 0 0 0 0 0 0 0 0 0 0 0 0 0 0 1 0 0 0 0 0 0 0 0 0 0 0 0 0 0 0 0 0 0]
[1082391214498163288387867596136654631983283629202919771512398829597482509201824217797253211631621894795001274245829996975319701109597035911655851292368 0 0 0 0 0 0 0 0 0 0 0 0 0 0 0 0 0 0 0 0 0 0 0 0 0 0 0 0 0 0 0 1 0 0 0 0 0 0 0 0 0 0 0 0 0 0 0 0 0]
[1492299261435430400122460846640013025670092965020973546381790362797537398817651028506274107231549202745239135904559653142433286623700934436713888926423 0 0 0 0 0 0 0 0 0 0 0 0 0 0 0 0 0 0 0 0 0 0 0 0 0 0 0 0 0 0 0 0 1 0 0 0 0 0 0 0 0 0 0 0 0 0 0 0 0]
[1286640775346473352110111344075651451164080216968320091207527186266384253667118020416068253626862719107007301043718282244669299536165794398422300671208 0 0 0 0 0 0 0 0 0 0 0 0 0 0 0 0 0 0 0 0 0 0 0 0 0 0 0 0 0 0 0 0 0 1 0 0 0 0 0 0 0 0 0 0 0 0 0 0 0]
[961536053241970752725073706566852987242102796284386207496434858152738374866113954638844280404161920841900457874392741341202123503170413235509202709571 0 0 0 0 0 0 0 0 0 0 0 0 0 0 0 0 0 0 0 0 0 0 0 0 0 0 0 0 0 0 0 0 0 0 1 0 0 0 0 0 0 0 0 0 0 0 0 0 0]
[443450831158009743991857958230156052778313668901960252154330447402138041179443525905355413704386323591052109784234119786783793201945936451359692256316 0 0 0 0 0 0 0 0 0 0 0 0 0 0 0 0 0 0 0 0 0 0 0 0 0 0 0 0 0 0 0 0 0 0 0 1 0 0 0 0 0 0 0 0 0 0 0 0 0]
[585529728381594058906195804898445632642575815699243721553135031784879660626067317807720772246602253512422495250959347494993701718330495672063413562026 0 0 0 0 0 0 0 0 0 0 0 0 0 0 0 0 0 0 0 0 0 0 0 0 0 0 0 0 0 0 0 0 0 0 0 0 1 0 0 0 0 0 0 0 0 0 0 0 0]
[1628140880331016725478494493698355164891027911597296191606926910528133033173721662005134809814838943959753644014341152776069982319761857617785742257745 0 0 0 0 0 0 0 0 0 0 0 0 0 0 0 0 0 0 0 0 0 0 0 0 0 0 0 0 0 0 0 0 0 0 0 0 0 1 0 0 0 0 0 0 0 0 0 0 0]
[623999310720392720208563992862506583980756507078224348773525327022468015432528591309292955662179301957418343270317709841228259599977391237118759580483 0 0 0 0 0 0 0 0 0 0 0 0 0 0 0 0 0 0 0 0 0 0 0 0 0 0 0 0 0 0 0 0 0 0 0 0 0 0 1 0 0 0 0 0 0 0 0 0 0]
[895906542796259693461170243256226958400967497483628688743649531558566592341724576819385325408149575025633514925843507426055363664507193076406602626092 0 0 0 0 0 0 0 0 0 0 0 0 0 0 0 0 0 0 0 0 0 0 0 0 0 0 0 0 0 0 0 0 0 0 0 0 0 0 0 1 0 0 0 0 0 0 0 0 0]
[1235465867356439114971702336274219596502368223641965364448817417090699441571316385448339770187980979426597369182913054023015709581660483217660765566462 0 0 0 0 0 0 0 0 0 0 0 0 0 0 0 0 0 0 0 0 0 0 0 0 0 0 0 0 0 0 0 0 0 0 0 0 0 0 0 0 1 0 0 0 0 0 0 0 0]
[618787757128489741266699587448918377748769251143968049277039452557739167455327600544036186610030311628447645707511141357369222725336448118358295968774 0 0 0 0 0 0 0 0 0 0 0 0 0 0 0 0 0 0 0 0 0 0 0 0 0 0 0 0 0 0 0 0 0 0 0 0 0 0 0 0 0 1 0 0 0 0 0 0 0]
[1414760796275268895361520376814620125131196515766352765171509471519578741988069590526050530194176731256131553565945465439249460774257793866274470275013 0 0 0 0 0 0 0 0 0 0 0 0 0 0 0 0 0 0 0 0 0 0 0 0 0 0 0 0 0 0 0 0 0 0 0 0 0 0 0 0 0 0 1 0 0 0 0 0 0]
[681953294708296107941316782535703103310556899446988926211050600130846856631734974346350316371367811031515678713212388035368826124488717029264303702921 0 0 0 0 0 0 0 0 0 0 0 0 0 0 0 0 0 0 0 0 0 0 0 0 0 0 0 0 0 0 0 0 0 0 0 0 0 0 0 0 0 0 0 1 0 0 0 0 0]
[1068266183959389561367070804215706733199611652765783551579513971391202587175146603286554617251035858826272316497004986468353411162373375639657776068810 0 0 0 0 0 0 0 0 0 0 0 0 0 0 0 0 0 0 0 0 0 0 0 0 0 0 0 0 0 0 0 0 0 0 0 0 0 0 0 0 0 0 0 0 1 0 0 0 0]
[219832091463836340863748851517474608644068447930079130343643691932770071013808785111862476482513270397067428392834161488894042616103500038245146531000 0 0 0 0 0 0 0 0 0 0 0 0 0 0 0 0 0 0 0 0 0 0 0 0 0 0 0 0 0 0 0 0 0 0 0 0 0 0 0 0 0 0 0 0 0 1 0 0 0]
[1397032344150866531957576445492237972730920251000235326902960058428780524656022196690147073663432298835364463367602081049629644360932373168311865952122 0 0 0 0 0 0 0 0 0 0 0 0 0 0 0 0 0 0 0 0 0 0 0 0 0 0 0 0 0 0 0 0 0 0 0 0 0 0 0 0 0 0 0 0 0 0 1 0 0]
[1501404540878080680054935971838128200392826842430525438975866073525110851086883920135130718064891662085381304415091365079007871766595884043203161333895 0 0 0 0 0 0 0 0 0 0 0 0 0 0 0 0 0 0 0 0 0 0 0 0 0 0 0 0 0 0 0 0 0 0 0 0 0 0 0 0 0 0 0 0 0 0 0 1 0]
[336833877973292894041042833781383372815695564439217781080886618052253729551663634010716683151515317980589792442564454139049437795479234863356842138085 0 0 0 0 0 0 0 0 0 0 0 0 0 0 0 0 0 0 0 0 0 0 0 0 0 0 0 0 0 0 0 0 0 0 0 0 0 0 0 0 0 0 0 0 0 0 0 0 1]
]
