[[1031311203275226647060428348752614607299242106593141138348869064784651312656578320188632929 0 0 0 0 0 0 0 0 0 0 0 0 0 0 0 0 0 0 0 0 0 0 0 0 0 0 0 0 0]
[784673049082497659699925902171262895992536772525910650248135582055146438382520359193218291 1 0 0 0 0 0 0 0 0 0 0 0 0 0 0 0 0 0 0 0 0 0 0 0 0 0 0 0 0]
[855137946530313430273688673538273531273793056574698516827759944289933660684890022199037990 0 1 0 0 0 0 0 0 0 0 0 0 0 0 0 0 0 0 0 0 0 0 0 0 0 0 0 0 0]
[711598174226044599780882272016786053323680449285938475692417043195659217881445617500360844 0 0 1 0 0 0 0 0 0 0 0 0 0 0 0 0 0 0 0 0 0 0 0 0 0 0 0 0 0]
[704033169089306246073103943978721339926725325627888624897914299636519040671105651508470030 0 0 0 1 0 0 0 0 0 0 0 0 0 0 0 0 0 0 0 0 0 0 0 0 0 0 0 0 0]
[635701551815964101027192440600975690944961913303866918870621068853014734156186112298160701 0 0 0 0 1 0 0 0 0 0 0 0 0 0 0 0 0 0 0 0 0 0 0 0 0 0 0 0 0]
[996769720113169961245431203414189244360220664562647670704935582488235791418095877784112660 0 0 0 0 0 1 0 0 0 0 0 0 0 0 0 0 0 0 0 0 0 0 0 0 0 0 0 0 0]
[329410416003991900931419018240698131060415744903277434835204734519394052830060708850566170 0 0 0 0 0 0 1 0 0 0 0 0 0 0 0 0 0 0 0 0 0 0 0 0 0 0 0 0 0]
[379534321093519367828455261939357824462447156881757659124850313938189456250179702078502960 0 0 0 0 0 0 0 1 0 0 0 0 0 0 0 0 0 0 0 0 0 0 0 0 0 0 0 0 0]
[298951680053866859186981948957193597700100212307133720943828274046935939635063332433971011 0 0 0 0 0 0 0 0 1 0 0 0 0 0 0 0 0 0 0 0 0 0 0 0 0 0 0 0 0]
[205731636684803609179174943791932879400871257622217613037536152595516148486481985858272299 0 0 0 0 0 0 0 0 0 1 0 0 0 0 0 0 0 0 0 0 0 0 0 0 0 0 0 0 0]
[199324026948739842020313884458345505560206287155526520253324198165148376746991268978365625 0 0 0 0 0 0 0 0 0 0 1 0 0 0 0 0 0 0 0 0 0 0 0 0 0 0 0 0 0]
[560297321737489829029070137289173630032830756642976742712830744981020538500774969636763301 0 0 0 0 0 0 0 0 0 0 0 1 0 0 0 0 0 0 0 0 0 0 0 0 0 0 0 0 0]
[443782426585581967162742148580483158526289481954930831375519040175470016453207437631711114 0 0 0 0 0 0 0 0 0 0 0 0 1 0 0 0 0 0 0 0 0 0 0 0 0 0 0 0 0]
[840385923162821652873148134669582366656317407471923461091019699629394611865117468215781807 0 0 0 0 0 0 0 0 0 0 0 0 0 1 0 0 0 0 0 0 0 0 0 0 0 0 0 0 0]
[924029306384344916260362213365268716458542566447134210502973273340252748159428447467613613 0 0 0 0 0 0 0 0 0 0 0 0 0 0 1 0 0 0 0 0 0 0 0 0 0 0 0 0 0]
[83754264775228523253654240293907274429538725631742106915470491563200315412440096719947851 0 0 0 0 0 0 0 0 0 0 0 0 0 0 0 1 0 0 0 0 0 0 0 0 0 0 0 0 0]
[42012482219341812622222645496775989583291570358535677726444229438101512069929649229205014 0 0 0 0 0 0 0 0 0 0 0 0 0 0 0 0 1 0 0 0 0 0 0 0 0 0 0 0 0]
[166887804692467496657244080394101959112085275697904700820762315239978186842503164815955898 0 0 0 0 0 0 0 0 0 0 0 0 0 0 0 0 0 1 0 0 0 0 0 0 0 0 0 0 0]
[310124716207348040354350074509956703677642368027368213878761562773158251437146395811879036 0 0 0 0 0 0 0 0 0 0 0 0 0 0 0 0 0 0 1 0 0 0 0 0 0 0 0 0 0]
[1010424338014139549784811843133662876633798953716624422817157770121209559534528558848638442 0 0 0 0 0 0 0 0 0 0 0 0 0 0 0 0 0 0 0 1 0 0 0 0 0 0 0 0 0]
[170233615757847183896689195708181891724343109506746854975196744166063871970565651881852761 0 0 0 0 0 0 0 0 0 0 0 0 0 0 0 0 0 0 0 0 1 0 0 0 0 0 0 0 0]
[209259505495299404369025479612691050804937937913022263832908305681377739768345347642717983 0 0 0 0 0 0 0 0 0 0 0 0 0 0 0 0 0 0 0 0 0 1 0 0 0 0 0 0 0]
[907996966361790403277453113520493849775454210153174835685599453564978848024387474121652125 0 0 0 0 0 0 0 0 0 0 0 0 0 0 0 0 0 0 0 0 0 0 1 0 0 0 0 0 0]
[603288182121494514378864362665823954226724315921673515410108181192063181399433359170918016 0 0 0 0 0 0 0 0 0 0 0 0 0 0 0 0 0 0 0 0 0 0 0 1 0 0 0 0 0]
[549391596406145803625170829461976746127926294367655016997304808443004233107710971876373159 0 0 0 0 0 0 0 0 0 0 0 0 0 0 0 0 0 0 0 0 0 0 0 0 1 0 0 0 0]
[508404392771096494395528119627936419138813022607457854679683330841014738060899592186534663 0 0 0 0 0 0 0 0 0 0 0 0 0 0 0 0 0 0 0 0 0 0 0 0 0 1 0 0 0]
[687280044260629593928976671536666467423075285421684532447999488716230621135822081393256909 0 0 0 0 0 0 0 0 0 0 0 0 0 0 0 0 0 0 0 0 0 0 0 0 0 0 1 0 0]
[415831531688676347002743093969832550687685901205766103274278815765218541107417369014732689 0 0 0 0 0 0 0 0 0 0 0 0 0 0 0 0 0 0 0 0 0 0 0 0 0 0 0 1 0]
[38830838761670338351526921456763730590199962003539702004165703587993889599399654236838020 0 0 0 0 0 0 0 0 0 0 0 0 0 0 0 0 0 0 0 0 0 0 0 0 0 0 0 0 1]
]
