[[1481955928080892664419540689032925455074016007203401867639704304854048459763057185349215120102200096380262260521665487810193 0 0 0 0 0 0 0 0 0 0 0 0 0 0 0 0 0 0 0 0 0 0 0 0 0 0 0 0 0 0 0 0 0 0 0 0 0 0 0 0]
[1367569012636204337578086322136404864480451428770402336814261193833009267199852926078135037581696232757145631869501410490113 1 0 0 0 0 0 0 0 0 0 0 0 0 0 0 0 0 0 0 0 0 0 0 0 0 0 0 0 0 0 0 0 0 0 0 0 0 0 0 0]
[560538282906633152060376671313008158139789664982632665288969246272827059013343548785652869361062798129245278077148481229086 0 1 0 0 0 0 0 0 0 0 0 0 0 0 0 0 0 0 0 0 0 0 0 0 0 0 0 0 0 0 0 0 0 0 0 0 0 0 0 0]
[873212100017258757617243188005543870993122801302569465283754085685716086840186695113906942233340138992154616250159094270290 0 0 1 0 0 0 0 0 0 0 0 0 0 0 0 0 0 0 0 0 0 0 0 0 0 0 0 0 0 0 0 0 0 0 0 0 0 0 0 0]
[1050985237708747473089299892446764502065511872165061315872255781519175402713449500411616054839148011425400442405891980936409 0 0 0 1 0 0 0 0 0 0 0 0 0 0 0 0 0 0 0 0 0 0 0 0 0 0 0 0 0 0 0 0 0 0 0 0 0 0 0 0]
[1165525914821360251672667739009272920732754689035240368532626912975176964357519325727994156012836923823867562744056516702006 0 0 0 0 1 0 0 0 0 0 0 0 0 0 0 0 0 0 0 0 0 0 0 0 0 0 0 0 0 0 0 0 0 0 0 0 0 0 0 0]
[1076101657326428882397373993593366129963482263862224161421485971635522749408901143652399916604262603066734284813417420920419 0 0 0 0 0 1 0 0 0 0 0 0 0 0 0 0 0 0 0 0 0 0 0 0 0 0 0 0 0 0 0 0 0 0 0 0 0 0 0 0]
[616448729302751836664748668071393751159198406929174259012573303738713719212375646199790604754364457029531331396448904467374 0 0 0 0 0 0 1 0 0 0 0 0 0 0 0 0 0 0 0 0 0 0 0 0 0 0 0 0 0 0 0 0 0 0 0 0 0 0 0 0]
[93567408496229103884799807335954967542629645030136781846071210035842409676065271588441062300932367491537616388466135381355 0 0 0 0 0 0 0 1 0 0 0 0 0 0 0 0 0 0 0 0 0 0 0 0 0 0 0 0 0 0 0 0 0 0 0 0 0 0 0 0]
[725881360296526939555351471141819019775837678447983266204236945477089953749780167984555027336259105616137395986783241251257 0 0 0 0 0 0 0 0 1 0 0 0 0 0 0 0 0 0 0 0 0 0 0 0 0 0 0 0 0 0 0 0 0 0 0 0 0 0 0 0]
[333540002352983177599671826134386760430661393950864413090651762049696905047904972393892464661677874884059406217362810895084 0 0 0 0 0 0 0 0 0 1 0 0 0 0 0 0 0 0 0 0 0 0 0 0 0 0 0 0 0 0 0 0 0 0 0 0 0 0 0 0]
[1175447141261233979176763173664525136503456836026999113376694629908180497488520974767016197640266314835681354116858937624978 0 0 0 0 0 0 0 0 0 0 1 0 0 0 0 0 0 0 0 0 0 0 0 0 0 0 0 0 0 0 0 0 0 0 0 0 0 0 0 0]
[563240921051759349246543938254990583214322853368714472539253522135008331456717141954546772656670016710497558355613669176658 0 0 0 0 0 0 0 0 0 0 0 1 0 0 0 0 0 0 0 0 0 0 0 0 0 0 0 0 0 0 0 0 0 0 0 0 0 0 0 0]
[1281442395076332016245021148385674168355814229923499363451420316417771254409680831174770301707537187174698566274671159114769 0 0 0 0 0 0 0 0 0 0 0 0 1 0 0 0 0 0 0 0 0 0 0 0 0 0 0 0 0 0 0 0 0 0 0 0 0 0 0 0]
[1284710005076540496822526176922031240121486707568137986916540373636783085409032090591310060161274492860192878605678932663982 0 0 0 0 0 0 0 0 0 0 0 0 0 1 0 0 0 0 0 0 0 0 0 0 0 0 0 0 0 0 0 0 0 0 0 0 0 0 0 0]
[737495092357389881741761953637316366707253388111041820431071603792201751025513778858066013969997618733620999287247671651212 0 0 0 0 0 0 0 0 0 0 0 0 0 0 1 0 0 0 0 0 0 0 0 0 0 0 0 0 0 0 0 0 0 0 0 0 0 0 0 0]
[491080441520717211330917481654994462469555875022825005795557378130173949083326911867927053453949922655573857783028451001674 0 0 0 0 0 0 0 0 0 0 0 0 0 0 0 1 0 0 0 0 0 0 0 0 0 0 0 0 0 0 0 0 0 0 0 0 0 0 0 0]
[736940035703263684325359005389349482823318494100175751972171589745727712689683892861673518910405745330110798978163473003248 0 0 0 0 0 0 0 0 0 0 0 0 0 0 0 0 1 0 0 0 0 0 0 0 0 0 0 0 0 0 0 0 0 0 0 0 0 0 0 0]
[578352824122594137185496886952011016939380131333599321829813044347994737756570644518734111854057114752677039954470453630342 0 0 0 0 0 0 0 0 0 0 0 0 0 0 0 0 0 1 0 0 0 0 0 0 0 0 0 0 0 0 0 0 0 0 0 0 0 0 0 0]
[1358529278070640052801700478158523227374538919907397215138088625317075949165927100961708010581081385584485743745093263830434 0 0 0 0 0 0 0 0 0 0 0 0 0 0 0 0 0 0 1 0 0 0 0 0 0 0 0 0 0 0 0 0 0 0 0 0 0 0 0 0]
[1009095383729938432607967070750847878932723258290102756890910119753663046988404174748703370672627440944133565914958796008137 0 0 0 0 0 0 0 0 0 0 0 0 0 0 0 0 0 0 0 1 0 0 0 0 0 0 0 0 0 0 0 0 0 0 0 0 0 0 0 0]
[1146312319122551793507387580733034889850040037671091747344774460671714837585667389472913004400328552191167738896820713734085 0 0 0 0 0 0 0 0 0 0 0 0 0 0 0 0 0 0 0 0 1 0 0 0 0 0 0 0 0 0 0 0 0 0 0 0 0 0 0 0]
[824725163419114342428143727190176468429209735697494746217012841287682038093592104865369112481440840478157599243958907390542 0 0 0 0 0 0 0 0 0 0 0 0 0 0 0 0 0 0 0 0 0 1 0 0 0 0 0 0 0 0 0 0 0 0 0 0 0 0 0 0]
[568531718723522392555211742727266649875077487367235352276292410656958308995914032249202104355805002699863635912619879339587 0 0 0 0 0 0 0 0 0 0 0 0 0 0 0 0 0 0 0 0 0 0 1 0 0 0 0 0 0 0 0 0 0 0 0 0 0 0 0 0]
[1138712733655370719641451528481663679563828260645470086552340081872652966829692127846959819881390137232297431204358489234105 0 0 0 0 0 0 0 0 0 0 0 0 0 0 0 0 0 0 0 0 0 0 0 1 0 0 0 0 0 0 0 0 0 0 0 0 0 0 0 0]
[18125536356072950572730807356083362804750278026120026896424831522370681588242661057388721607283438811558897769901466510319 0 0 0 0 0 0 0 0 0 0 0 0 0 0 0 0 0 0 0 0 0 0 0 0 1 0 0 0 0 0 0 0 0 0 0 0 0 0 0 0]
[208288949236813496108638480420338649664370554236622447606355275599905311326053567583896910431730863474665281088895859968076 0 0 0 0 0 0 0 0 0 0 0 0 0 0 0 0 0 0 0 0 0 0 0 0 0 1 0 0 0 0 0 0 0 0 0 0 0 0 0 0]
[703573555404654461761619725629224111292761094952290817195744834884502892905714201843140427708546721759194428521801756365154 0 0 0 0 0 0 0 0 0 0 0 0 0 0 0 0 0 0 0 0 0 0 0 0 0 0 1 0 0 0 0 0 0 0 0 0 0 0 0 0]
[83143284633995851360337238880130141942013922366624376602388100808081403216887993548048433756114513395360516246731738932533 0 0 0 0 0 0 0 0 0 0 0 0 0 0 0 0 0 0 0 0 0 0 0 0 0 0 0 1 0 0 0 0 0 0 0 0 0 0 0 0]
[610230123263503928297510559949440035030019748429008583618401500578367875564840198336032564856428697291899553905992205258666 0 0 0 0 0 0 0 0 0 0 0 0 0 0 0 0 0 0 0 0 0 0 0 0 0 0 0 0 1 0 0 0 0 0 0 0 0 0 0 0]
[248181434256017499680945641766648195307888233000198446933826831247556743728567371383601854169954423630967552023007434555641 0 0 0 0 0 0 0 0 0 0 0 0 0 0 0 0 0 0 0 0 0 0 0 0 0 0 0 0 0 1 0 0 0 0 0 0 0 0 0 0]
[476769028656154004538350470932532472757377815785887008689645885418561730861986862261544043914427131610898219470277252668141 0 0 0 0 0 0 0 0 0 0 0 0 0 0 0 0 0 0 0 0 0 0 0 0 0 0 0 0 0 0 1 0 0 0 0 0 0 0 0 0]
[1273270999050496987868517782421975387678795567757915301976270226011839424746647812919725660634284502455443135715841837100038 0 0 0 0 0 0 0 0 0 0 0 0 0 0 0 0 0 0 0 0 0 0 0 0 0 0 0 0 0 0 0 1 0 0 0 0 0 0 0 0]
[329332452213925805394242436376858533212312578592577044938823111827013788520051300725867024564799111566918585965024800895828 0 0 0 0 0 0 0 0 0 0 0 0 0 0 0 0 0 0 0 0 0 0 0 0 0 0 0 0 0 0 0 0 1 0 0 0 0 0 0 0]
[124252624364872774259104715715882091479852559283918566620339348812385143879143853177876020260343982239012945754227039463007 0 0 0 0 0 0 0 0 0 0 0 0 0 0 0 0 0 0 0 0 0 0 0 0 0 0 0 0 0 0 0 0 0 1 0 0 0 0 0 0]
[942532200991394488967355102949027414142269967420655602629023073392327190638631103868639827245323554140642296340485588096675 0 0 0 0 0 0 0 0 0 0 0 0 0 0 0 0 0 0 0 0 0 0 0 0 0 0 0 0 0 0 0 0 0 0 1 0 0 0 0 0]
[539845045678434029740048599527599429644678424083907660961122213742876700363024696644605507253178488915467387011170986356083 0 0 0 0 0 0 0 0 0 0 0 0 0 0 0 0 0 0 0 0 0 0 0 0 0 0 0 0 0 0 0 0 0 0 0 1 0 0 0 0]
[812034080546667859969126043037987076608722417427170672239814986487712753220690677765743704107118788278390342073080842528970 0 0 0 0 0 0 0 0 0 0 0 0 0 0 0 0 0 0 0 0 0 0 0 0 0 0 0 0 0 0 0 0 0 0 0 0 1 0 0 0]
[1202147129290974134925296749273016468242817466556650406557096871242698601240785890717787520852698429028892476285070010675180 0 0 0 0 0 0 0 0 0 0 0 0 0 0 0 0 0 0 0 0 0 0 0 0 0 0 0 0 0 0 0 0 0 0 0 0 0 1 0 0]
[860507397938656966225084514716529754199050231605976331978519776102955404126576563143239995951921619487602772139151622775144 0 0 0 0 0 0 0 0 0 0 0 0 0 0 0 0 0 0 0 0 0 0 0 0 0 0 0 0 0 0 0 0 0 0 0 0 0 0 1 0]
[1452113363407066551094266601568298872928682407045226966335536005148680573368470277726176332981158130564781920150437997612721 0 0 0 0 0 0 0 0 0 0 0 0 0 0 0 0 0 0 0 0 0 0 0 0 0 0 0 0 0 0 0 0 0 0 0 0 0 0 0 1]
]
dfdfdfaga