[[3029932987713941237366620232190549205174981642317806893615250616781632553249634778897357901226003746760624910678630037674432738035203107467153748712531 0 0 0 0 0 0 0 0 0 0 0 0 0 0 0 0 0 0 0 0 0 0 0 0 0 0 0 0 0 0 0 0 0 0 0 0 0 0 0 0 0 0 0 0 0 0 0 0 0]
[2848861957390883822021350811532634917683441370571148873856961545254053600912373905886656256017515705705150912721908298884858250842598131030348516277666 1 0 0 0 0 0 0 0 0 0 0 0 0 0 0 0 0 0 0 0 0 0 0 0 0 0 0 0 0 0 0 0 0 0 0 0 0 0 0 0 0 0 0 0 0 0 0 0 0]
[1445459892204701355101477738078207166049759828344465648795149241878745227111946216776091215953520853344820569997285278429461087620804458396968502956163 0 1 0 0 0 0 0 0 0 0 0 0 0 0 0 0 0 0 0 0 0 0 0 0 0 0 0 0 0 0 0 0 0 0 0 0 0 0 0 0 0 0 0 0 0 0 0 0 0]
[2643352202640450820965309036805590782255961849772504221018341095496463975746041792975817172194435312223752799024970647011175328345448056432884237295715 0 0 1 0 0 0 0 0 0 0 0 0 0 0 0 0 0 0 0 0 0 0 0 0 0 0 0 0 0 0 0 0 0 0 0 0 0 0 0 0 0 0 0 0 0 0 0 0 0]
[791927479208814682741577178093159311025503878390868401441856702715745605307401363401853048120701248770624458350654941248580459218687874787190947753482 0 0 0 1 0 0 0 0 0 0 0 0 0 0 0 0 0 0 0 0 0 0 0 0 0 0 0 0 0 0 0 0 0 0 0 0 0 0 0 0 0 0 0 0 0 0 0 0 0]
[1690373342891656986883244056888119770834386049185207995507286197817944733575218417058049141884061170753387180388417128132154056206206492162543488428125 0 0 0 0 1 0 0 0 0 0 0 0 0 0 0 0 0 0 0 0 0 0 0 0 0 0 0 0 0 0 0 0 0 0 0 0 0 0 0 0 0 0 0 0 0 0 0 0 0]
[1406247008113934899655106047091469281189849568014577509458741038573120002837195194589731248024361744351316337373596886293655947900473414890501466320437 0 0 0 0 0 1 0 0 0 0 0 0 0 0 0 0 0 0 0 0 0 0 0 0 0 0 0 0 0 0 0 0 0 0 0 0 0 0 0 0 0 0 0 0 0 0 0 0 0]
[127981817934801206375884487438709591242048093275143622750545862618457312827274840303047291867915832382805010850681105857806759184282808182945632992013 0 0 0 0 0 0 1 0 0 0 0 0 0 0 0 0 0 0 0 0 0 0 0 0 0 0 0 0 0 0 0 0 0 0 0 0 0 0 0 0 0 0 0 0 0 0 0 0 0]
[762687818797061777103947673451359687994802778975935755712286911788249036423846368513833763009269797225833308446510016574263943743345658733596909884182 0 0 0 0 0 0 0 1 0 0 0 0 0 0 0 0 0 0 0 0 0 0 0 0 0 0 0 0 0 0 0 0 0 0 0 0 0 0 0 0 0 0 0 0 0 0 0 0 0]
[9240215528346992496650086070456150545304188326163164351084548560115173804203353789024867447823316861495950413046618464792274790921313456839772487373 0 0 0 0 0 0 0 0 1 0 0 0 0 0 0 0 0 0 0 0 0 0 0 0 0 0 0 0 0 0 0 0 0 0 0 0 0 0 0 0 0 0 0 0 0 0 0 0 0]
[2194998671895655796162211361803368010077163704535785732245105766374233542604400179599666247454174454621493072953054440340014667257751627751161297047436 0 0 0 0 0 0 0 0 0 1 0 0 0 0 0 0 0 0 0 0 0 0 0 0 0 0 0 0 0 0 0 0 0 0 0 0 0 0 0 0 0 0 0 0 0 0 0 0 0]
[504617735285318781795182080200008470415903733147147998160968293881103465548269510981046270243945675018835425822817349140301399892738143372146676308513 0 0 0 0 0 0 0 0 0 0 1 0 0 0 0 0 0 0 0 0 0 0 0 0 0 0 0 0 0 0 0 0 0 0 0 0 0 0 0 0 0 0 0 0 0 0 0 0 0]
[2072081614949585043571743584083463929871109133227990795417226504484193585002252483452664476595874807522747041335284879558815693782951307446023224960672 0 0 0 0 0 0 0 0 0 0 0 1 0 0 0 0 0 0 0 0 0 0 0 0 0 0 0 0 0 0 0 0 0 0 0 0 0 0 0 0 0 0 0 0 0 0 0 0 0]
[388948929256915188438612445593973458862042039100019440586255552431532429339042010920191958550955933100955955056321747465812186850163738305894055806342 0 0 0 0 0 0 0 0 0 0 0 0 1 0 0 0 0 0 0 0 0 0 0 0 0 0 0 0 0 0 0 0 0 0 0 0 0 0 0 0 0 0 0 0 0 0 0 0 0]
[803091060034686946409068962874832252249271408312774767480961404288790560005801182067625513417582066400986367373320985554181610262258668978277815345036 0 0 0 0 0 0 0 0 0 0 0 0 0 1 0 0 0 0 0 0 0 0 0 0 0 0 0 0 0 0 0 0 0 0 0 0 0 0 0 0 0 0 0 0 0 0 0 0 0]
[739771374146906241870618581241556316543649541503153190461559534037188644191108086967420922664508489682198481448109334890317680730203219073271848339979 0 0 0 0 0 0 0 0 0 0 0 0 0 0 1 0 0 0 0 0 0 0 0 0 0 0 0 0 0 0 0 0 0 0 0 0 0 0 0 0 0 0 0 0 0 0 0 0 0]
[448427464300350175807803935491609662796772090089424296161702748553341815093885259397093020474367909927239126359734974186595181221671524203362508793310 0 0 0 0 0 0 0 0 0 0 0 0 0 0 0 1 0 0 0 0 0 0 0 0 0 0 0 0 0 0 0 0 0 0 0 0 0 0 0 0 0 0 0 0 0 0 0 0 0]
[348970794755671174169489801400906131865619625391180581313978266803826705095606356321518505208963989762351836174778810946255974584617836712605650655925 0 0 0 0 0 0 0 0 0 0 0 0 0 0 0 0 1 0 0 0 0 0 0 0 0 0 0 0 0 0 0 0 0 0 0 0 0 0 0 0 0 0 0 0 0 0 0 0 0]
[764363705637710463619848256807240782896610493436546984111081868000264975317420753082416734712486305720496692148808640826291965579675621525156191907627 0 0 0 0 0 0 0 0 0 0 0 0 0 0 0 0 0 1 0 0 0 0 0 0 0 0 0 0 0 0 0 0 0 0 0 0 0 0 0 0 0 0 0 0 0 0 0 0 0]
[740156968319953133569167307844239748228131965422288969042148358263003027005973308880708181131447148832064696662736923071721270231817837990375801724962 0 0 0 0 0 0 0 0 0 0 0 0 0 0 0 0 0 0 1 0 0 0 0 0 0 0 0 0 0 0 0 0 0 0 0 0 0 0 0 0 0 0 0 0 0 0 0 0 0]
[1188581256956772913364198082110755447004542830212522652932171663742808043881211716480071717587475470963181608266038527587057293519960910138245705738446 0 0 0 0 0 0 0 0 0 0 0 0 0 0 0 0 0 0 0 1 0 0 0 0 0 0 0 0 0 0 0 0 0 0 0 0 0 0 0 0 0 0 0 0 0 0 0 0 0]
[2302184573613948867253194284653439585105708559700370227399504201646186665954409554891909747341816434503635582710229192392027388381096534287366198300972 0 0 0 0 0 0 0 0 0 0 0 0 0 0 0 0 0 0 0 0 1 0 0 0 0 0 0 0 0 0 0 0 0 0 0 0 0 0 0 0 0 0 0 0 0 0 0 0 0]
[544333208457183026892639213668798123518059435597998123058485718263334205327842802928281568867596472078947010189736787736471431035201392038135904416337 0 0 0 0 0 0 0 0 0 0 0 0 0 0 0 0 0 0 0 0 0 1 0 0 0 0 0 0 0 0 0 0 0 0 0 0 0 0 0 0 0 0 0 0 0 0 0 0 0]
[1088047652127546140747970048160323310553328892799289809992210107105808856719346965489521113814751039725394226355480986745996579421390814411105640052512 0 0 0 0 0 0 0 0 0 0 0 0 0 0 0 0 0 0 0 0 0 0 1 0 0 0 0 0 0 0 0 0 0 0 0 0 0 0 0 0 0 0 0 0 0 0 0 0 0]
[674737858604282520821828549897746459843124189909812018262780379201101503644274035194572444840160778212568946226060786474508983124867885528569115362141 0 0 0 0 0 0 0 0 0 0 0 0 0 0 0 0 0 0 0 0 0 0 0 1 0 0 0 0 0 0 0 0 0 0 0 0 0 0 0 0 0 0 0 0 0 0 0 0 0]
[337506954134115209022180695904908280539002047694482074396703688167194943650351512104449423321647946205645227264544885749785181057758945020245918074102 0 0 0 0 0 0 0 0 0 0 0 0 0 0 0 0 0 0 0 0 0 0 0 0 1 0 0 0 0 0 0 0 0 0 0 0 0 0 0 0 0 0 0 0 0 0 0 0 0]
[2314689053830154362752520499570174398933970460519321694822106323831015175085119408844095336563607152369212041130583983872540349362200771182486907448112 0 0 0 0 0 0 0 0 0 0 0 0 0 0 0 0 0 0 0 0 0 0 0 0 0 1 0 0 0 0 0 0 0 0 0 0 0 0 0 0 0 0 0 0 0 0 0 0 0]
[97481544859915127925560069409508465504703236681960259351482183623797330897105480474442836618015315308735615336294340631250273147838714434191553489764 0 0 0 0 0 0 0 0 0 0 0 0 0 0 0 0 0 0 0 0 0 0 0 0 0 0 1 0 0 0 0 0 0 0 0 0 0 0 0 0 0 0 0 0 0 0 0 0 0]
[2639545680513362744672857454804508859186641648697649003546898158461652788114453815091692277791811964052040232989290438902167233739932499052265801647398 0 0 0 0 0 0 0 0 0 0 0 0 0 0 0 0 0 0 0 0 0 0 0 0 0 0 0 1 0 0 0 0 0 0 0 0 0 0 0 0 0 0 0 0 0 0 0 0 0]
[2351611514501461067311073925655741376450758863072544154520022639528809993351048833634507422710028251830278830483038698583143965151828688024036690269929 0 0 0 0 0 0 0 0 0 0 0 0 0 0 0 0 0 0 0 0 0 0 0 0 0 0 0 0 1 0 0 0 0 0 0 0 0 0 0 0 0 0 0 0 0 0 0 0 0]
[46663589666437154353666451047375953899357819776960583862950514193289655558943122496436269046338823148267691115456687630893639925512545819982978019412 0 0 0 0 0 0 0 0 0 0 0 0 0 0 0 0 0 0 0 0 0 0 0 0 0 0 0 0 0 1 0 0 0 0 0 0 0 0 0 0 0 0 0 0 0 0 0 0 0]
[2191937551356807503904693184165486477764685147154550387089694586675474505511660986173173051867000547738837932842000439729705486826645003842358735880613 0 0 0 0 0 0 0 0 0 0 0 0 0 0 0 0 0 0 0 0 0 0 0 0 0 0 0 0 0 0 1 0 0 0 0 0 0 0 0 0 0 0 0 0 0 0 0 0 0]
[273938998663057517175827078654905410584732070680209960250790078750778069077073379996611502391414277328237601741616713695832734147997804870222148359754 0 0 0 0 0 0 0 0 0 0 0 0 0 0 0 0 0 0 0 0 0 0 0 0 0 0 0 0 0 0 0 1 0 0 0 0 0 0 0 0 0 0 0 0 0 0 0 0 0]
[1359161970421403771701071630119100749248646304597268823243033900775396703175808809300861517818018997509807677805045871189762100063236177906710536152790 0 0 0 0 0 0 0 0 0 0 0 0 0 0 0 0 0 0 0 0 0 0 0 0 0 0 0 0 0 0 0 0 1 0 0 0 0 0 0 0 0 0 0 0 0 0 0 0 0]
[1431748097581564002725508543317834243539240978491808580791699678701959115600221542004889745459239098745979372214540160013609101154691130284081579846771 0 0 0 0 0 0 0 0 0 0 0 0 0 0 0 0 0 0 0 0 0 0 0 0 0 0 0 0 0 0 0 0 0 1 0 0 0 0 0 0 0 0 0 0 0 0 0 0 0]
[2063147051479506349802854542603679006419078670411604931358594621181493461551757697832198723908006539819692436330429628305179633321342291592301877896616 0 0 0 0 0 0 0 0 0 0 0 0 0 0 0 0 0 0 0 0 0 0 0 0 0 0 0 0 0 0 0 0 0 0 1 0 0 0 0 0 0 0 0 0 0 0 0 0 0]
[1275205329372919568141831038245261645265270517632589270481084579728061488037059460193565618542819443320677200213944978264736446903004404577862958746827 0 0 0 0 0 0 0 0 0 0 0 0 0 0 0 0 0 0 0 0 0 0 0 0 0 0 0 0 0 0 0 0 0 0 0 1 0 0 0 0 0 0 0 0 0 0 0 0 0]
[2059023271273465928214865496136109523958897814823144147562375194408073625292148972261876284363334088616559501074382144455645461406176147613745084373537 0 0 0 0 0 0 0 0 0 0 0 0 0 0 0 0 0 0 0 0 0 0 0 0 0 0 0 0 0 0 0 0 0 0 0 0 1 0 0 0 0 0 0 0 0 0 0 0 0]
[1267991261275018560846096532026251736210440614029431776980679815303228071526296618528617997884748293848785537719131793186560132569959972126381372441677 0 0 0 0 0 0 0 0 0 0 0 0 0 0 0 0 0 0 0 0 0 0 0 0 0 0 0 0 0 0 0 0 0 0 0 0 0 1 0 0 0 0 0 0 0 0 0 0 0]
[950949812343953457340091909156959856889784496421839472949830505449283596294184206164984529733631013126714168774677853496151368107087604386040256107086 0 0 0 0 0 0 0 0 0 0 0 0 0 0 0 0 0 0 0 0 0 0 0 0 0 0 0 0 0 0 0 0 0 0 0 0 0 0 1 0 0 0 0 0 0 0 0 0 0]
[1784000461913063320647534017701775394022555764148143883494506407641549215587788563442141072377301755000475986940149080150967429411629439353676403652816 0 0 0 0 0 0 0 0 0 0 0 0 0 0 0 0 0 0 0 0 0 0 0 0 0 0 0 0 0 0 0 0 0 0 0 0 0 0 0 1 0 0 0 0 0 0 0 0 0]
[174204021703423069223251415568185841523817347197810122948101509275929631939030396813614626714924324896111695311743910546957905052864599184318974235394 0 0 0 0 0 0 0 0 0 0 0 0 0 0 0 0 0 0 0 0 0 0 0 0 0 0 0 0 0 0 0 0 0 0 0 0 0 0 0 0 1 0 0 0 0 0 0 0 0]
[329467146276120523203306484421467740327971239181530655702283361718095960203928254977689614603401937112342094900470603078203420461384581316832221599688 0 0 0 0 0 0 0 0 0 0 0 0 0 0 0 0 0 0 0 0 0 0 0 0 0 0 0 0 0 0 0 0 0 0 0 0 0 0 0 0 0 1 0 0 0 0 0 0 0]
[306889455640382102835194773711720588460806731485783008385164129390192760518347383885115828675127834918572121148999902588720810751900836919845007432442 0 0 0 0 0 0 0 0 0 0 0 0 0 0 0 0 0 0 0 0 0 0 0 0 0 0 0 0 0 0 0 0 0 0 0 0 0 0 0 0 0 0 1 0 0 0 0 0 0]
[540061616969392301782716688894890308945208899732156459492742517814710851590606606754194257299424266909477290784809663338246371315749740384801476510603 0 0 0 0 0 0 0 0 0 0 0 0 0 0 0 0 0 0 0 0 0 0 0 0 0 0 0 0 0 0 0 0 0 0 0 0 0 0 0 0 0 0 0 1 0 0 0 0 0]
[2524197424717195662287733388388884289083555728374898885413071481373085015697773412017054283653310015133969751629643964222718822669666507410747615667846 0 0 0 0 0 0 0 0 0 0 0 0 0 0 0 0 0 0 0 0 0 0 0 0 0 0 0 0 0 0 0 0 0 0 0 0 0 0 0 0 0 0 0 0 1 0 0 0 0]
[2003892714168113533091842659171248263997510260667112505703751930956926983533001562418894624985942331505332376764552969163788424763381688894611586440197 0 0 0 0 0 0 0 0 0 0 0 0 0 0 0 0 0 0 0 0 0 0 0 0 0 0 0 0 0 0 0 0 0 0 0 0 0 0 0 0 0 0 0 0 0 1 0 0 0]
[665743033621391637696011412693833033192689062811611518827489296745892407533519890439813376321078538570077978920865574448212585077277548797044483213816 0 0 0 0 0 0 0 0 0 0 0 0 0 0 0 0 0 0 0 0 0 0 0 0 0 0 0 0 0 0 0 0 0 0 0 0 0 0 0 0 0 0 0 0 0 0 1 0 0]
[2354388136214929601822546780097384570300637619004500666443617975846229591663063838257508890278379087230032900087070045887470547628817178362812790162229 0 0 0 0 0 0 0 0 0 0 0 0 0 0 0 0 0 0 0 0 0 0 0 0 0 0 0 0 0 0 0 0 0 0 0 0 0 0 0 0 0 0 0 0 0 0 0 1 0]
[1207424480633648873121184190062991093126399682808076702055381235390403809937450402709002039672646774333347244516494031295625596062006977230058408686018 0 0 0 0 0 0 0 0 0 0 0 0 0 0 0 0 0 0 0 0 0 0 0 0 0 0 0 0 0 0 0 0 0 0 0 0 0 0 0 0 0 0 0 0 0 0 0 0 1]
]
