[[2609851128620799618980350855639020471115312117254416842199554634576681480916616206680604774306625703174410581224458277508481322815437411151402279504747983947376652664703197791 0 0 0 0 0 0 0 0 0 0 0 0 0 0 0 0 0 0 0 0 0 0 0 0 0 0 0 0 0 0 0 0 0 0 0 0 0 0 0 0 0 0 0 0 0 0 0 0 0 0 0 0 0 0 0 0 0]
[2569251648232894774393946437620575075027639178052343397426459747114304097411719084890413230984829397462884219653863207803879406222918626362731750479732926557450555413476741381 1 0 0 0 0 0 0 0 0 0 0 0 0 0 0 0 0 0 0 0 0 0 0 0 0 0 0 0 0 0 0 0 0 0 0 0 0 0 0 0 0 0 0 0 0 0 0 0 0 0 0 0 0 0 0 0 0]
[224405861115837885445301794811518467852367029201137899362893050678538432769307126574738825026736082922129862851441678182466838128002212196808640711642755973709071235323919542 0 1 0 0 0 0 0 0 0 0 0 0 0 0 0 0 0 0 0 0 0 0 0 0 0 0 0 0 0 0 0 0 0 0 0 0 0 0 0 0 0 0 0 0 0 0 0 0 0 0 0 0 0 0 0 0 0]
[2074716743054758570093251283487238876943754567916565948215167490312307647040791259688229895350324633286999697749230373270038082054475007414441400788332141893670728725108329700 0 0 1 0 0 0 0 0 0 0 0 0 0 0 0 0 0 0 0 0 0 0 0 0 0 0 0 0 0 0 0 0 0 0 0 0 0 0 0 0 0 0 0 0 0 0 0 0 0 0 0 0 0 0 0 0 0]
[1324986436368556210980059186022290442940922940970284219806458926894539353792879165900149236110944282166517855167365384681887665130284545272395890811838724738206807714565627339 0 0 0 1 0 0 0 0 0 0 0 0 0 0 0 0 0 0 0 0 0 0 0 0 0 0 0 0 0 0 0 0 0 0 0 0 0 0 0 0 0 0 0 0 0 0 0 0 0 0 0 0 0 0 0 0 0]
[1910918905839891881178231843494156533978948657117703937995403507191323884537601847667019772997785520603529978363140450164339538785215996626263456835000965950225096077683297616 0 0 0 0 1 0 0 0 0 0 0 0 0 0 0 0 0 0 0 0 0 0 0 0 0 0 0 0 0 0 0 0 0 0 0 0 0 0 0 0 0 0 0 0 0 0 0 0 0 0 0 0 0 0 0 0 0]
[1119341759540341254830499612901763599296215211863044917023938454728019863749321027966606616198168110854358989896940706494768272559686035568187490084613179576560364075922142875 0 0 0 0 0 1 0 0 0 0 0 0 0 0 0 0 0 0 0 0 0 0 0 0 0 0 0 0 0 0 0 0 0 0 0 0 0 0 0 0 0 0 0 0 0 0 0 0 0 0 0 0 0 0 0 0 0]
[2399574074174464477379551896041192797487141122331995882766009062243099512800504193558635108065865101319762114758368348765490791992346592890836725404247247019317169871837356268 0 0 0 0 0 0 1 0 0 0 0 0 0 0 0 0 0 0 0 0 0 0 0 0 0 0 0 0 0 0 0 0 0 0 0 0 0 0 0 0 0 0 0 0 0 0 0 0 0 0 0 0 0 0 0 0 0]
[2346583407319854613231735361904276975163474036001882995583124176065728429866711783666342684826819340412450263812365213942224860291083453465361374806977305834022074167259460648 0 0 0 0 0 0 0 1 0 0 0 0 0 0 0 0 0 0 0 0 0 0 0 0 0 0 0 0 0 0 0 0 0 0 0 0 0 0 0 0 0 0 0 0 0 0 0 0 0 0 0 0 0 0 0 0 0]
[2282698041552304232803555373689662312502922854650714256098552726095803500809564345464789923563742573437773110248536311447392934046826961897447042900207254646957801684864459679 0 0 0 0 0 0 0 0 1 0 0 0 0 0 0 0 0 0 0 0 0 0 0 0 0 0 0 0 0 0 0 0 0 0 0 0 0 0 0 0 0 0 0 0 0 0 0 0 0 0 0 0 0 0 0 0 0]
[142793519535975185847399992543005811409219236434312613425117240130319424921582072727256534655063843535704762943762793695233328450508813163253267906756986078038636199261413271 0 0 0 0 0 0 0 0 0 1 0 0 0 0 0 0 0 0 0 0 0 0 0 0 0 0 0 0 0 0 0 0 0 0 0 0 0 0 0 0 0 0 0 0 0 0 0 0 0 0 0 0 0 0 0 0 0]
[2189959954935723436446043287801431887888716598293859043732878318286644893537528034872805914904726803467514745257443606116759906101762020625633134037954656845418699754228371446 0 0 0 0 0 0 0 0 0 0 1 0 0 0 0 0 0 0 0 0 0 0 0 0 0 0 0 0 0 0 0 0 0 0 0 0 0 0 0 0 0 0 0 0 0 0 0 0 0 0 0 0 0 0 0 0 0]
[1921982936888870941442189040429584415209418208820592661832310793966700707206050249797461012650241620912965657731572520155558113372605941784320404702537253185781442053863256547 0 0 0 0 0 0 0 0 0 0 0 1 0 0 0 0 0 0 0 0 0 0 0 0 0 0 0 0 0 0 0 0 0 0 0 0 0 0 0 0 0 0 0 0 0 0 0 0 0 0 0 0 0 0 0 0 0]
[498561946277481289915678030719180429817868800613308872052413909231206594345365257912083423569871201689026419898357561974921042756521323291094018081836647603613689169973300294 0 0 0 0 0 0 0 0 0 0 0 0 1 0 0 0 0 0 0 0 0 0 0 0 0 0 0 0 0 0 0 0 0 0 0 0 0 0 0 0 0 0 0 0 0 0 0 0 0 0 0 0 0 0 0 0 0]
[2183428961888590779286065822770685764682395357051489149551038729054498150860844518818246984795140610494864334799407153154397904634088887342652869933940708399426425426194141331 0 0 0 0 0 0 0 0 0 0 0 0 0 1 0 0 0 0 0 0 0 0 0 0 0 0 0 0 0 0 0 0 0 0 0 0 0 0 0 0 0 0 0 0 0 0 0 0 0 0 0 0 0 0 0 0 0]
[350610125923633750824140057843156521571673514801376292593919520000423497339537116541752179720137805702699632383458835139000899575670493218753523365433313393565563153235293242 0 0 0 0 0 0 0 0 0 0 0 0 0 0 1 0 0 0 0 0 0 0 0 0 0 0 0 0 0 0 0 0 0 0 0 0 0 0 0 0 0 0 0 0 0 0 0 0 0 0 0 0 0 0 0 0 0]
[2034614404830381458894612143040408031840512189874857086047133120053415382637578168030033841155459476346001511244455105680435471508728284517658622730855734355232987540146900512 0 0 0 0 0 0 0 0 0 0 0 0 0 0 0 1 0 0 0 0 0 0 0 0 0 0 0 0 0 0 0 0 0 0 0 0 0 0 0 0 0 0 0 0 0 0 0 0 0 0 0 0 0 0 0 0 0]
[226711915685046670286312346736251070422514217353271413773565241435041239463278374972745938804685330376090423605771357119042634109286703525357282313127166716116970294645024052 0 0 0 0 0 0 0 0 0 0 0 0 0 0 0 0 1 0 0 0 0 0 0 0 0 0 0 0 0 0 0 0 0 0 0 0 0 0 0 0 0 0 0 0 0 0 0 0 0 0 0 0 0 0 0 0 0]
[2546656863141841743744069372970110536532918736666412420938814111599163077540418030653602429127405075859456717903982144131339995379404420497451932840783269705635930244579553379 0 0 0 0 0 0 0 0 0 0 0 0 0 0 0 0 0 1 0 0 0 0 0 0 0 0 0 0 0 0 0 0 0 0 0 0 0 0 0 0 0 0 0 0 0 0 0 0 0 0 0 0 0 0 0 0 0]
[1907246879721929408702421404719899152167743255297204327350696839489836733333779247385289431073044137220982633338489036280118695239061590066522132347921352810487088671607290373 0 0 0 0 0 0 0 0 0 0 0 0 0 0 0 0 0 0 1 0 0 0 0 0 0 0 0 0 0 0 0 0 0 0 0 0 0 0 0 0 0 0 0 0 0 0 0 0 0 0 0 0 0 0 0 0 0]
[2460839142138097338452215654859998034485514406126189966486052908435467668222108008248123590652415842771721423916962365881365556969316804736185384198462366067652259713122508388 0 0 0 0 0 0 0 0 0 0 0 0 0 0 0 0 0 0 0 1 0 0 0 0 0 0 0 0 0 0 0 0 0 0 0 0 0 0 0 0 0 0 0 0 0 0 0 0 0 0 0 0 0 0 0 0 0]
[840112746783722308371418478633839006809818180120237034479347917516304677942976848443510121657548682567633200487307378632669211423810388574576984837326336887898482871359212016 0 0 0 0 0 0 0 0 0 0 0 0 0 0 0 0 0 0 0 0 1 0 0 0 0 0 0 0 0 0 0 0 0 0 0 0 0 0 0 0 0 0 0 0 0 0 0 0 0 0 0 0 0 0 0 0 0]
[680278756611901984456777473871842432167443184186973034944111351344714426973586519012929097122346827779043606591134482077288517704802777500935031471563658191993611603270311639 0 0 0 0 0 0 0 0 0 0 0 0 0 0 0 0 0 0 0 0 0 1 0 0 0 0 0 0 0 0 0 0 0 0 0 0 0 0 0 0 0 0 0 0 0 0 0 0 0 0 0 0 0 0 0 0 0]
[1981302330422809064215649725633455707959022846199536366708311789690227257749849213305757138394378128645781466510482138933228469256223163810045287999470450690169067696824821296 0 0 0 0 0 0 0 0 0 0 0 0 0 0 0 0 0 0 0 0 0 0 1 0 0 0 0 0 0 0 0 0 0 0 0 0 0 0 0 0 0 0 0 0 0 0 0 0 0 0 0 0 0 0 0 0 0]
[2395816304664947564401893474715416027439222967830535245518479794861448136527725314073678651842344185557584104529718300703904172854871931409580133773680510102024566242981329223 0 0 0 0 0 0 0 0 0 0 0 0 0 0 0 0 0 0 0 0 0 0 0 1 0 0 0 0 0 0 0 0 0 0 0 0 0 0 0 0 0 0 0 0 0 0 0 0 0 0 0 0 0 0 0 0 0]
[542593648303487275608162861280163086783154691848518960145156116897701269489288367787410531071493555764324987636880854595536143639264092114881841020449477401542094808525721145 0 0 0 0 0 0 0 0 0 0 0 0 0 0 0 0 0 0 0 0 0 0 0 0 1 0 0 0 0 0 0 0 0 0 0 0 0 0 0 0 0 0 0 0 0 0 0 0 0 0 0 0 0 0 0 0 0]
[1588200516641001104782902847074516637053347440213483953008773452349709665081455361744207872637668058627170060075277556759329049829339770927706460010607333788171098734038057501 0 0 0 0 0 0 0 0 0 0 0 0 0 0 0 0 0 0 0 0 0 0 0 0 0 1 0 0 0 0 0 0 0 0 0 0 0 0 0 0 0 0 0 0 0 0 0 0 0 0 0 0 0 0 0 0 0]
[1778662987815649298684394202863773936953853921613654610271625210851579814911843835755511158917165714310278021763880111781785499526046175230296252046260426407966001892473010671 0 0 0 0 0 0 0 0 0 0 0 0 0 0 0 0 0 0 0 0 0 0 0 0 0 0 1 0 0 0 0 0 0 0 0 0 0 0 0 0 0 0 0 0 0 0 0 0 0 0 0 0 0 0 0 0 0]
[527187377846461584916782444542451193771033515891387293865912743479945713559809588942417761720368821281717572235798636371382183073171392552982522713528284580574453268326418372 0 0 0 0 0 0 0 0 0 0 0 0 0 0 0 0 0 0 0 0 0 0 0 0 0 0 0 1 0 0 0 0 0 0 0 0 0 0 0 0 0 0 0 0 0 0 0 0 0 0 0 0 0 0 0 0 0]
[1926815044820380851450947093859649290284797152056206222791191797625122441820173300673234755562670372452781476874305913278915662048460810561794078084778515449347536558609083523 0 0 0 0 0 0 0 0 0 0 0 0 0 0 0 0 0 0 0 0 0 0 0 0 0 0 0 0 1 0 0 0 0 0 0 0 0 0 0 0 0 0 0 0 0 0 0 0 0 0 0 0 0 0 0 0 0]
[1520477333099387094325993262103766192155316785911904083936092801950330436529920204450097351446837752756921454634333308928491939983300910257886331892710955928727912221398654116 0 0 0 0 0 0 0 0 0 0 0 0 0 0 0 0 0 0 0 0 0 0 0 0 0 0 0 0 0 1 0 0 0 0 0 0 0 0 0 0 0 0 0 0 0 0 0 0 0 0 0 0 0 0 0 0 0]
[432496916370812376420140987562012877328577500386756547457249232505391381417345409481566959704093952075758450303459467636320483887293890075223021562338541918462708945962585819 0 0 0 0 0 0 0 0 0 0 0 0 0 0 0 0 0 0 0 0 0 0 0 0 0 0 0 0 0 0 1 0 0 0 0 0 0 0 0 0 0 0 0 0 0 0 0 0 0 0 0 0 0 0 0 0 0]
[2427582647810862653496075849267814691586026093014754790443921414590792209563611005229454956925191273243684279235048856029916098701166617806904501584905244882133088100850148399 0 0 0 0 0 0 0 0 0 0 0 0 0 0 0 0 0 0 0 0 0 0 0 0 0 0 0 0 0 0 0 1 0 0 0 0 0 0 0 0 0 0 0 0 0 0 0 0 0 0 0 0 0 0 0 0 0]
[888989215114008606924188177359933984875338154515408897553209998237408671974480364241427816199178950263365623702114598680768428064595003655726066490012683291903866368534698351 0 0 0 0 0 0 0 0 0 0 0 0 0 0 0 0 0 0 0 0 0 0 0 0 0 0 0 0 0 0 0 0 1 0 0 0 0 0 0 0 0 0 0 0 0 0 0 0 0 0 0 0 0 0 0 0 0]
[1260016078146992062863358850509556212261880370835040872476050782893739465626500832061895784004052342981666404417275683964004116780804474503097179131296673091715669358654168909 0 0 0 0 0 0 0 0 0 0 0 0 0 0 0 0 0 0 0 0 0 0 0 0 0 0 0 0 0 0 0 0 0 1 0 0 0 0 0 0 0 0 0 0 0 0 0 0 0 0 0 0 0 0 0 0 0]
[922765110803990784027065611634816408942301755181398410584361770209216491864604010456139589767779661690296093824387472114526612528288500467156471602586497783389946530616029091 0 0 0 0 0 0 0 0 0 0 0 0 0 0 0 0 0 0 0 0 0 0 0 0 0 0 0 0 0 0 0 0 0 0 1 0 0 0 0 0 0 0 0 0 0 0 0 0 0 0 0 0 0 0 0 0 0]
[401240242732057154253723257255660279342145350535174512841021787378729396582243034881059819863223975431633840370588584700294035878644537991306080629898118401566627785845624394 0 0 0 0 0 0 0 0 0 0 0 0 0 0 0 0 0 0 0 0 0 0 0 0 0 0 0 0 0 0 0 0 0 0 0 1 0 0 0 0 0 0 0 0 0 0 0 0 0 0 0 0 0 0 0 0 0]
[1732550709176054254923197921013851165114335590101611295575997529323067368291234577947435399565110028088348028937293685910437532344276823067806252775896522952012942716355577840 0 0 0 0 0 0 0 0 0 0 0 0 0 0 0 0 0 0 0 0 0 0 0 0 0 0 0 0 0 0 0 0 0 0 0 0 1 0 0 0 0 0 0 0 0 0 0 0 0 0 0 0 0 0 0 0 0]
[1378317890094541353674180816998736339228872537454546464681765732599669541444723254002764352085017165421137326432835870552870252868096662189192339232772665419186564772562999772 0 0 0 0 0 0 0 0 0 0 0 0 0 0 0 0 0 0 0 0 0 0 0 0 0 0 0 0 0 0 0 0 0 0 0 0 0 1 0 0 0 0 0 0 0 0 0 0 0 0 0 0 0 0 0 0 0]
[1637380642324617205095487904113911001509739883327517007807491809652430526635943660654933395139794829414730183603943220436021214331946404779879062385043086994289564909747319626 0 0 0 0 0 0 0 0 0 0 0 0 0 0 0 0 0 0 0 0 0 0 0 0 0 0 0 0 0 0 0 0 0 0 0 0 0 0 1 0 0 0 0 0 0 0 0 0 0 0 0 0 0 0 0 0 0]
[127412953617490468771658773395381208929499179396389733340455286030979973917903192146431034974753759393414292158205498080760052166816363980515052698341787446007540075025206882 0 0 0 0 0 0 0 0 0 0 0 0 0 0 0 0 0 0 0 0 0 0 0 0 0 0 0 0 0 0 0 0 0 0 0 0 0 0 0 1 0 0 0 0 0 0 0 0 0 0 0 0 0 0 0 0 0]
[470196903416119686827091411718131180946550249412822781013535499774234813715640845262912558635413385549873461529221139307270949205412836895109800147686029209359267353981787546 0 0 0 0 0 0 0 0 0 0 0 0 0 0 0 0 0 0 0 0 0 0 0 0 0 0 0 0 0 0 0 0 0 0 0 0 0 0 0 0 1 0 0 0 0 0 0 0 0 0 0 0 0 0 0 0 0]
[1245554654258719295483386072828413387792533606222624493727222006934947151792270288409453092066854676721016302480300215839353302382032716965068171487824380231053487488854870518 0 0 0 0 0 0 0 0 0 0 0 0 0 0 0 0 0 0 0 0 0 0 0 0 0 0 0 0 0 0 0 0 0 0 0 0 0 0 0 0 0 1 0 0 0 0 0 0 0 0 0 0 0 0 0 0 0]
[805412826705448547216760621945833139161051739496038766021755559160381280551447565626112837245043905661171192088338364743192951081468639980145284527431539181102470280709595188 0 0 0 0 0 0 0 0 0 0 0 0 0 0 0 0 0 0 0 0 0 0 0 0 0 0 0 0 0 0 0 0 0 0 0 0 0 0 0 0 0 0 1 0 0 0 0 0 0 0 0 0 0 0 0 0 0]
[1310640508313605727320024190111168037155165342992416480208961849157122278577878479877408236709974448938410587166824667106676955135112122863826063309966215657146043029321316408 0 0 0 0 0 0 0 0 0 0 0 0 0 0 0 0 0 0 0 0 0 0 0 0 0 0 0 0 0 0 0 0 0 0 0 0 0 0 0 0 0 0 0 1 0 0 0 0 0 0 0 0 0 0 0 0 0]
[1124687509456881330049225955658500800993674999152518770152965894232145411055970938729911646898224447799095110456916230684056999188244773914081003109459992910749329912426786080 0 0 0 0 0 0 0 0 0 0 0 0 0 0 0 0 0 0 0 0 0 0 0 0 0 0 0 0 0 0 0 0 0 0 0 0 0 0 0 0 0 0 0 0 1 0 0 0 0 0 0 0 0 0 0 0 0]
[1093588826262142058985455741995945950925037012064713940652010232618167172920599372345029820337562901250423232273102500952874232834348092273343312191576911839973840902611148496 0 0 0 0 0 0 0 0 0 0 0 0 0 0 0 0 0 0 0 0 0 0 0 0 0 0 0 0 0 0 0 0 0 0 0 0 0 0 0 0 0 0 0 0 0 1 0 0 0 0 0 0 0 0 0 0 0]
[980775516965749054696921655238060418539004670912626060050784843265082099012813990284586909993757745182067283569512768495256329356563805838435051776000180909430063991156883960 0 0 0 0 0 0 0 0 0 0 0 0 0 0 0 0 0 0 0 0 0 0 0 0 0 0 0 0 0 0 0 0 0 0 0 0 0 0 0 0 0 0 0 0 0 0 1 0 0 0 0 0 0 0 0 0 0]
[841466603513042915949068288407454372618863009580982982012459872253030222821307061757230918600655063809542259379179716661028307731045447389788625813580160265250214075193413912 0 0 0 0 0 0 0 0 0 0 0 0 0 0 0 0 0 0 0 0 0 0 0 0 0 0 0 0 0 0 0 0 0 0 0 0 0 0 0 0 0 0 0 0 0 0 0 1 0 0 0 0 0 0 0 0 0]
[1025810548540765885921878073135517068158470968447637325536499670830817120304243008820534059047506063805598703572226998302438012039055985313053964931751858200393325435007905612 0 0 0 0 0 0 0 0 0 0 0 0 0 0 0 0 0 0 0 0 0 0 0 0 0 0 0 0 0 0 0 0 0 0 0 0 0 0 0 0 0 0 0 0 0 0 0 0 1 0 0 0 0 0 0 0 0]
[1641434483575387303151616471781324013050300563883593998616401292435239825667852763978959312056038442832649268192399879031329017034728089241485184940090285874563627486847763592 0 0 0 0 0 0 0 0 0 0 0 0 0 0 0 0 0 0 0 0 0 0 0 0 0 0 0 0 0 0 0 0 0 0 0 0 0 0 0 0 0 0 0 0 0 0 0 0 0 1 0 0 0 0 0 0 0]
[825794354912811509014053074546949097884805513078763054914393399913728795336772373966573501798568788464071545916807808684044375180025449481948334004865122071357627141540491822 0 0 0 0 0 0 0 0 0 0 0 0 0 0 0 0 0 0 0 0 0 0 0 0 0 0 0 0 0 0 0 0 0 0 0 0 0 0 0 0 0 0 0 0 0 0 0 0 0 0 1 0 0 0 0 0 0]
[1480891548740301498032486099425166669247662751923164182243106920192507966306421367472470314163471500541094904590750391427300611251215851221262212558709012418954175853080230165 0 0 0 0 0 0 0 0 0 0 0 0 0 0 0 0 0 0 0 0 0 0 0 0 0 0 0 0 0 0 0 0 0 0 0 0 0 0 0 0 0 0 0 0 0 0 0 0 0 0 0 1 0 0 0 0 0]
[2002835481524270825491588744544297861868730851581011453608863795526048522921780618304201950755706629169370909286630513132571271256685204476799116111221862519907975212792262359 0 0 0 0 0 0 0 0 0 0 0 0 0 0 0 0 0 0 0 0 0 0 0 0 0 0 0 0 0 0 0 0 0 0 0 0 0 0 0 0 0 0 0 0 0 0 0 0 0 0 0 0 1 0 0 0 0]
[1037031318802616024146130564698406000979279389718641550017737806993430083697100477730279753591497230253910713824629661006005902199741951471356607401021142702174578992760337998 0 0 0 0 0 0 0 0 0 0 0 0 0 0 0 0 0 0 0 0 0 0 0 0 0 0 0 0 0 0 0 0 0 0 0 0 0 0 0 0 0 0 0 0 0 0 0 0 0 0 0 0 0 1 0 0 0]
[1237472351241763158329417512484697595727779875658292958684166850773688292368909303442751342147074811570423025517436890736349448247543404924655728449133798364289388759234373363 0 0 0 0 0 0 0 0 0 0 0 0 0 0 0 0 0 0 0 0 0 0 0 0 0 0 0 0 0 0 0 0 0 0 0 0 0 0 0 0 0 0 0 0 0 0 0 0 0 0 0 0 0 0 1 0 0]
[1884454842267434830988130019743318194772956188722400418442481079005438603795956653078306899737913374620321108081724398571450942168659916656236010796519898481293711062200306471 0 0 0 0 0 0 0 0 0 0 0 0 0 0 0 0 0 0 0 0 0 0 0 0 0 0 0 0 0 0 0 0 0 0 0 0 0 0 0 0 0 0 0 0 0 0 0 0 0 0 0 0 0 0 0 1 0]
[1024336801965154651237930514684756027151283502576745592693978958745511117884724067465951464828263103691357600952719339740570393724748597211454852681530484230079464073475987576 0 0 0 0 0 0 0 0 0 0 0 0 0 0 0 0 0 0 0 0 0 0 0 0 0 0 0 0 0 0 0 0 0 0 0 0 0 0 0 0 0 0 0 0 0 0 0 0 0 0 0 0 0 0 0 0 1]
]
