[[3840827237998958403058113686236278714732579673325794070842511441551365426271134000694820510529384105854838773068884712039277494494569440413064100344891728027162928026859827797 0 0 0 0 0 0 0 0 0 0 0 0 0 0 0 0 0 0 0 0 0 0 0 0 0 0 0 0 0 0 0 0 0 0 0 0 0 0 0 0 0 0 0 0 0 0 0 0 0 0 0 0 0 0 0 0 0]
[755022828217395009471323486238292200461509587734275543905088608696815307841489222418969608264247460351182875967705468331188483225736196587425404092918113303031280120929436348 1 0 0 0 0 0 0 0 0 0 0 0 0 0 0 0 0 0 0 0 0 0 0 0 0 0 0 0 0 0 0 0 0 0 0 0 0 0 0 0 0 0 0 0 0 0 0 0 0 0 0 0 0 0 0 0 0]
[1566527507895945581686686572659511384731820503014982465951948240617930228486886934881600759309238493136651602331779705658724564937810859137099026916243037701849132427719148744 0 1 0 0 0 0 0 0 0 0 0 0 0 0 0 0 0 0 0 0 0 0 0 0 0 0 0 0 0 0 0 0 0 0 0 0 0 0 0 0 0 0 0 0 0 0 0 0 0 0 0 0 0 0 0 0 0]
[1316322104921268306448264878320065838309379748426931108218045327187841580976886785564385768110565952723173557318233858214644177731990230225338170327009884984565052865171088686 0 0 1 0 0 0 0 0 0 0 0 0 0 0 0 0 0 0 0 0 0 0 0 0 0 0 0 0 0 0 0 0 0 0 0 0 0 0 0 0 0 0 0 0 0 0 0 0 0 0 0 0 0 0 0 0 0]
[908905344415821554541838130578250918054143925533333339003511462376968776211623615504643560446852299967982971596103008219710130825858620410708624821958293390082131437665268836 0 0 0 1 0 0 0 0 0 0 0 0 0 0 0 0 0 0 0 0 0 0 0 0 0 0 0 0 0 0 0 0 0 0 0 0 0 0 0 0 0 0 0 0 0 0 0 0 0 0 0 0 0 0 0 0 0]
[1348422400625519020472044565718602251708618454110218989785425518732174562813137591748977605993187532385737981827065124803822762425354972541341699670875193569403599008546235464 0 0 0 0 1 0 0 0 0 0 0 0 0 0 0 0 0 0 0 0 0 0 0 0 0 0 0 0 0 0 0 0 0 0 0 0 0 0 0 0 0 0 0 0 0 0 0 0 0 0 0 0 0 0 0 0 0]
[1068498008737115133955423298905237715874874680624612182494059975918441951069255163994087066845602896015434185881202306919901451359795374782354888269901746710764355001566611912 0 0 0 0 0 1 0 0 0 0 0 0 0 0 0 0 0 0 0 0 0 0 0 0 0 0 0 0 0 0 0 0 0 0 0 0 0 0 0 0 0 0 0 0 0 0 0 0 0 0 0 0 0 0 0 0 0]
[101036405983284810096125770154823374957339319482402443061369653440873783069882791440027444034999375594138010704219013357849860151029817724815198014255218222176085898176302463 0 0 0 0 0 0 1 0 0 0 0 0 0 0 0 0 0 0 0 0 0 0 0 0 0 0 0 0 0 0 0 0 0 0 0 0 0 0 0 0 0 0 0 0 0 0 0 0 0 0 0 0 0 0 0 0 0]
[420617836836376798985683977266077709860488099646421090507301721765732960833569470875651611027684185167809917774821614357370388464552722365071022878819334218596918673491030630 0 0 0 0 0 0 0 1 0 0 0 0 0 0 0 0 0 0 0 0 0 0 0 0 0 0 0 0 0 0 0 0 0 0 0 0 0 0 0 0 0 0 0 0 0 0 0 0 0 0 0 0 0 0 0 0 0]
[2930594392708353459238349403402166997838595274828117407134222418583054931682359098029534579542336359818629441817061536709134966716131478755013851628780793377983633131295165925 0 0 0 0 0 0 0 0 1 0 0 0 0 0 0 0 0 0 0 0 0 0 0 0 0 0 0 0 0 0 0 0 0 0 0 0 0 0 0 0 0 0 0 0 0 0 0 0 0 0 0 0 0 0 0 0 0]
[1585471519838598725959230444131433407147412067515481902261433071899663355169974987463982369215879910733664236966659843890521406829342052643482693668685699956093616460903638075 0 0 0 0 0 0 0 0 0 1 0 0 0 0 0 0 0 0 0 0 0 0 0 0 0 0 0 0 0 0 0 0 0 0 0 0 0 0 0 0 0 0 0 0 0 0 0 0 0 0 0 0 0 0 0 0 0]
[2602252150038636776925459988262699768806507994436732874960211137426666388121043147224982316291121450145900426627305411756732442833878027106675559658997228929037467577013235783 0 0 0 0 0 0 0 0 0 0 1 0 0 0 0 0 0 0 0 0 0 0 0 0 0 0 0 0 0 0 0 0 0 0 0 0 0 0 0 0 0 0 0 0 0 0 0 0 0 0 0 0 0 0 0 0 0]
[2405439487566610182969636562854458696942239117422488487136333233944515459167120343787274397375456098709123924916141564684617157031602480360245185102208162785403636808323833551 0 0 0 0 0 0 0 0 0 0 0 1 0 0 0 0 0 0 0 0 0 0 0 0 0 0 0 0 0 0 0 0 0 0 0 0 0 0 0 0 0 0 0 0 0 0 0 0 0 0 0 0 0 0 0 0 0]
[800298775495999942701233033720786284678604198626584546814422902940461545157493336293390273596758628220525614377052384482370638772728533359549909301953898501011868030532559128 0 0 0 0 0 0 0 0 0 0 0 0 1 0 0 0 0 0 0 0 0 0 0 0 0 0 0 0 0 0 0 0 0 0 0 0 0 0 0 0 0 0 0 0 0 0 0 0 0 0 0 0 0 0 0 0 0]
[3490118142920158798610377437527144965127397612064855566338252949982508004153168057820343777138869462713222816838492813907124207409987403092081844465116358052292796378143095887 0 0 0 0 0 0 0 0 0 0 0 0 0 1 0 0 0 0 0 0 0 0 0 0 0 0 0 0 0 0 0 0 0 0 0 0 0 0 0 0 0 0 0 0 0 0 0 0 0 0 0 0 0 0 0 0 0]
[1342605529001450830505062566808359097117280590078997127003802709791557629722779573068078593409518243327937846689974086701191634336643955576169034809360277451086265015884509837 0 0 0 0 0 0 0 0 0 0 0 0 0 0 1 0 0 0 0 0 0 0 0 0 0 0 0 0 0 0 0 0 0 0 0 0 0 0 0 0 0 0 0 0 0 0 0 0 0 0 0 0 0 0 0 0 0]
[589636919085320821983306216812129400937809209887489126257101374880683047359287345571452931030012634952977068175080552354705362764926388431653066770997352914108648377765889647 0 0 0 0 0 0 0 0 0 0 0 0 0 0 0 1 0 0 0 0 0 0 0 0 0 0 0 0 0 0 0 0 0 0 0 0 0 0 0 0 0 0 0 0 0 0 0 0 0 0 0 0 0 0 0 0 0]
[1116268266328616450546398217616521531342498079923397813651950899035930795020248959726684248688887953407187171284037304772811958551223905250598252068478263806643713824396763625 0 0 0 0 0 0 0 0 0 0 0 0 0 0 0 0 1 0 0 0 0 0 0 0 0 0 0 0 0 0 0 0 0 0 0 0 0 0 0 0 0 0 0 0 0 0 0 0 0 0 0 0 0 0 0 0 0]
[2405202678162897759062022088276882531680374003242853423751430301556915312805151096758650949033799919327378102436143619338442466154256181580954474284175913729280604217536789811 0 0 0 0 0 0 0 0 0 0 0 0 0 0 0 0 0 1 0 0 0 0 0 0 0 0 0 0 0 0 0 0 0 0 0 0 0 0 0 0 0 0 0 0 0 0 0 0 0 0 0 0 0 0 0 0 0]
[2360283706460284268582250731141813053484359819213975030196968787478558849951104789093282719730140139888604266555686083871425773365679814632891689930879561620924927286283792521 0 0 0 0 0 0 0 0 0 0 0 0 0 0 0 0 0 0 1 0 0 0 0 0 0 0 0 0 0 0 0 0 0 0 0 0 0 0 0 0 0 0 0 0 0 0 0 0 0 0 0 0 0 0 0 0 0]
[1108584253596920031339073393149218079765813856419034060133798896920904600470254444409861162289411530790020118265821143752470751046101043790226539489385290284794837912025815734 0 0 0 0 0 0 0 0 0 0 0 0 0 0 0 0 0 0 0 1 0 0 0 0 0 0 0 0 0 0 0 0 0 0 0 0 0 0 0 0 0 0 0 0 0 0 0 0 0 0 0 0 0 0 0 0 0]
[197380836137171844354609960842916151973410717757109331718995275595059576386581773313396966668720274551462932071789368833147646887595744128616132697952533947595112018113592457 0 0 0 0 0 0 0 0 0 0 0 0 0 0 0 0 0 0 0 0 1 0 0 0 0 0 0 0 0 0 0 0 0 0 0 0 0 0 0 0 0 0 0 0 0 0 0 0 0 0 0 0 0 0 0 0 0]
[607543527879647968307209842541268779743519454888163585030963438143214073268652283156687028596190301461683431467348742655374743088925283449985035643884309993503257592746446167 0 0 0 0 0 0 0 0 0 0 0 0 0 0 0 0 0 0 0 0 0 1 0 0 0 0 0 0 0 0 0 0 0 0 0 0 0 0 0 0 0 0 0 0 0 0 0 0 0 0 0 0 0 0 0 0 0]
[1976516798794465600695766279693606165887855950514872498192395946612458200456271374925401615345781441159273951409099955171514323121610628938845227709480885381415960321738622659 0 0 0 0 0 0 0 0 0 0 0 0 0 0 0 0 0 0 0 0 0 0 1 0 0 0 0 0 0 0 0 0 0 0 0 0 0 0 0 0 0 0 0 0 0 0 0 0 0 0 0 0 0 0 0 0 0]
[1422854931730783256074324036961199296412515276793948176228379757752256408213246243428897948001288854856238537201873699207081997810610074689404973166523332677288928926514260737 0 0 0 0 0 0 0 0 0 0 0 0 0 0 0 0 0 0 0 0 0 0 0 1 0 0 0 0 0 0 0 0 0 0 0 0 0 0 0 0 0 0 0 0 0 0 0 0 0 0 0 0 0 0 0 0 0]
[2464440275054735534435504067613641773631192487375799478641471829733961900791266286810252611315910474831703260567705501818074989924098585983412251779612137208340251661524297686 0 0 0 0 0 0 0 0 0 0 0 0 0 0 0 0 0 0 0 0 0 0 0 0 1 0 0 0 0 0 0 0 0 0 0 0 0 0 0 0 0 0 0 0 0 0 0 0 0 0 0 0 0 0 0 0 0]
[2769108988932644206431935843170420929807721197191298847581472543403926354857105385827640799617257759601262330536519158602807748492667776792035554690864941844095286540193288926 0 0 0 0 0 0 0 0 0 0 0 0 0 0 0 0 0 0 0 0 0 0 0 0 0 1 0 0 0 0 0 0 0 0 0 0 0 0 0 0 0 0 0 0 0 0 0 0 0 0 0 0 0 0 0 0 0]
[56607821221142527252358876611025475822435223687141820458478478319666948874127678784798245095894996032164967317141326929224793175732748060276814220374167471847066001143544560 0 0 0 0 0 0 0 0 0 0 0 0 0 0 0 0 0 0 0 0 0 0 0 0 0 0 1 0 0 0 0 0 0 0 0 0 0 0 0 0 0 0 0 0 0 0 0 0 0 0 0 0 0 0 0 0 0]
[353224146000614253767251535836749289462248102786708874508493240799880164583931379016798865693297713397552100407444123564972487513593740085401948858816224205823633988809428474 0 0 0 0 0 0 0 0 0 0 0 0 0 0 0 0 0 0 0 0 0 0 0 0 0 0 0 1 0 0 0 0 0 0 0 0 0 0 0 0 0 0 0 0 0 0 0 0 0 0 0 0 0 0 0 0 0]
[2887972879835737488418002263947325907312332369564345411450803068934452789311523048680093165696359615437979371388918965139146970170656276928943831932736679921456372045948924421 0 0 0 0 0 0 0 0 0 0 0 0 0 0 0 0 0 0 0 0 0 0 0 0 0 0 0 0 1 0 0 0 0 0 0 0 0 0 0 0 0 0 0 0 0 0 0 0 0 0 0 0 0 0 0 0 0]
[1831199697067495394454305639161733373171669540240656316582196734154894437165531099955765936083872259396125817324591932678708183845968686852059322300288172983712363713258472322 0 0 0 0 0 0 0 0 0 0 0 0 0 0 0 0 0 0 0 0 0 0 0 0 0 0 0 0 0 1 0 0 0 0 0 0 0 0 0 0 0 0 0 0 0 0 0 0 0 0 0 0 0 0 0 0 0]
[2489011788955622219697947661675591385935816387435290670664957694449485995555957962190580842583496201975498649157035805501524635345588626977519640902243828609630395032646380349 0 0 0 0 0 0 0 0 0 0 0 0 0 0 0 0 0 0 0 0 0 0 0 0 0 0 0 0 0 0 1 0 0 0 0 0 0 0 0 0 0 0 0 0 0 0 0 0 0 0 0 0 0 0 0 0 0]
[3139652003441957563251841893514301101328063482909602693187300050410131108824838283390318300502071678637911201804760233030627315065566409484482563920279200953983199951709370442 0 0 0 0 0 0 0 0 0 0 0 0 0 0 0 0 0 0 0 0 0 0 0 0 0 0 0 0 0 0 0 1 0 0 0 0 0 0 0 0 0 0 0 0 0 0 0 0 0 0 0 0 0 0 0 0 0]
[1273012211811142753816822650339052775226263829997254113102192195041712374493789852272649049031357569278582428616330822066552689146671515571040280107143364972028034023549564980 0 0 0 0 0 0 0 0 0 0 0 0 0 0 0 0 0 0 0 0 0 0 0 0 0 0 0 0 0 0 0 0 1 0 0 0 0 0 0 0 0 0 0 0 0 0 0 0 0 0 0 0 0 0 0 0 0]
[19836325619553021901873544535869223508217394325382881229441596854370318441715062158396955466153186817655085392882621489107844655341125283124178563370385168346590444746319161 0 0 0 0 0 0 0 0 0 0 0 0 0 0 0 0 0 0 0 0 0 0 0 0 0 0 0 0 0 0 0 0 0 1 0 0 0 0 0 0 0 0 0 0 0 0 0 0 0 0 0 0 0 0 0 0 0]
[2801848588835765884148449050997177793470454901902917824631735925422982679369647626257428847064245772707462810425628897179107718001569056522467383547129400530899380951301393489 0 0 0 0 0 0 0 0 0 0 0 0 0 0 0 0 0 0 0 0 0 0 0 0 0 0 0 0 0 0 0 0 0 0 1 0 0 0 0 0 0 0 0 0 0 0 0 0 0 0 0 0 0 0 0 0 0]
[3421647573735804000524472118444323803540751285487000616822959746130858475345839358742763507531098595283389275081061719157245252394918196447073749380242180898818623472606177314 0 0 0 0 0 0 0 0 0 0 0 0 0 0 0 0 0 0 0 0 0 0 0 0 0 0 0 0 0 0 0 0 0 0 0 1 0 0 0 0 0 0 0 0 0 0 0 0 0 0 0 0 0 0 0 0 0]
[1291905899701791234413985446143665751704416194479457987739157322138765071556976891198003254653233167736273930990601506491512078457365318354729536191831544067014337994485374217 0 0 0 0 0 0 0 0 0 0 0 0 0 0 0 0 0 0 0 0 0 0 0 0 0 0 0 0 0 0 0 0 0 0 0 0 1 0 0 0 0 0 0 0 0 0 0 0 0 0 0 0 0 0 0 0 0]
[1253957241465258983810691986052145546011167333713583176979519729630720190899088079923632486846465575055372770991085635895198003758432505399128226418669750766235354103819843589 0 0 0 0 0 0 0 0 0 0 0 0 0 0 0 0 0 0 0 0 0 0 0 0 0 0 0 0 0 0 0 0 0 0 0 0 0 1 0 0 0 0 0 0 0 0 0 0 0 0 0 0 0 0 0 0 0]
[3598822331849228074162927842345499240259937447263076503420312259045331987871486067651199770990557878286062459218324361882046589968585987158771478641778298673339026281494056055 0 0 0 0 0 0 0 0 0 0 0 0 0 0 0 0 0 0 0 0 0 0 0 0 0 0 0 0 0 0 0 0 0 0 0 0 0 0 1 0 0 0 0 0 0 0 0 0 0 0 0 0 0 0 0 0 0]
[1367355145973613459742636285205413088278673098651614030493593948134043019208930509566137544858120214219210902433605920752289624341695023305762013580029106913520153773109139650 0 0 0 0 0 0 0 0 0 0 0 0 0 0 0 0 0 0 0 0 0 0 0 0 0 0 0 0 0 0 0 0 0 0 0 0 0 0 0 1 0 0 0 0 0 0 0 0 0 0 0 0 0 0 0 0 0]
[2646192949669107494593367726599547280895458324638099166123413372644168557485158481961726701311616901077002739882287746515710991866978219398988934447150942202663794093267268743 0 0 0 0 0 0 0 0 0 0 0 0 0 0 0 0 0 0 0 0 0 0 0 0 0 0 0 0 0 0 0 0 0 0 0 0 0 0 0 0 1 0 0 0 0 0 0 0 0 0 0 0 0 0 0 0 0]
[1256279662476959613991485655374824567525292067378327807950112676209640252955665417395514791805891210919815910708855547978401558751007008162172556596609413661272105088426604992 0 0 0 0 0 0 0 0 0 0 0 0 0 0 0 0 0 0 0 0 0 0 0 0 0 0 0 0 0 0 0 0 0 0 0 0 0 0 0 0 0 1 0 0 0 0 0 0 0 0 0 0 0 0 0 0 0]
[3211625052801014277295087385416012610302655762789491245294982612915593748632343862934012569939057946004487082642354614742106906353350672163451356943519169233763834110173407484 0 0 0 0 0 0 0 0 0 0 0 0 0 0 0 0 0 0 0 0 0 0 0 0 0 0 0 0 0 0 0 0 0 0 0 0 0 0 0 0 0 0 1 0 0 0 0 0 0 0 0 0 0 0 0 0 0]
[1012163215970396825572736551807743707112926985757054137425273445088189382144020329170488875903416056384870249789886521065964190987591259121543805019150890846804399439422091458 0 0 0 0 0 0 0 0 0 0 0 0 0 0 0 0 0 0 0 0 0 0 0 0 0 0 0 0 0 0 0 0 0 0 0 0 0 0 0 0 0 0 0 1 0 0 0 0 0 0 0 0 0 0 0 0 0]
[975789196657484396245477991994941075747053178024743454729654091070337526709826867092155944226058496557014969137275676177422850696552370503769414150565219973209554406481724133 0 0 0 0 0 0 0 0 0 0 0 0 0 0 0 0 0 0 0 0 0 0 0 0 0 0 0 0 0 0 0 0 0 0 0 0 0 0 0 0 0 0 0 0 1 0 0 0 0 0 0 0 0 0 0 0 0]
[1244206674162738872474572635038537305340813344158158594595126793751425029563247788377360212713902336268569830710621691489920224942302478878768126386292187965353287579849413664 0 0 0 0 0 0 0 0 0 0 0 0 0 0 0 0 0 0 0 0 0 0 0 0 0 0 0 0 0 0 0 0 0 0 0 0 0 0 0 0 0 0 0 0 0 1 0 0 0 0 0 0 0 0 0 0 0]
[1584910430921112190268206477973727472790887123973186819814699406550640706131943831701758750773218986023282218628828647755980621145948960113868668488097502628682188484624102861 0 0 0 0 0 0 0 0 0 0 0 0 0 0 0 0 0 0 0 0 0 0 0 0 0 0 0 0 0 0 0 0 0 0 0 0 0 0 0 0 0 0 0 0 0 0 1 0 0 0 0 0 0 0 0 0 0]
[1977746428532639332013769611099355590337388143789224682725358845101946609211791650703257406192459991390963912433787566716927379842860155275399592227908078005447738534355129361 0 0 0 0 0 0 0 0 0 0 0 0 0 0 0 0 0 0 0 0 0 0 0 0 0 0 0 0 0 0 0 0 0 0 0 0 0 0 0 0 0 0 0 0 0 0 0 1 0 0 0 0 0 0 0 0 0]
[2824665902364691874674408598055473350633386604126467130450907254721931649609282238182729235720295608857937039772667638185789151627626970182688266075059837735883562102935835383 0 0 0 0 0 0 0 0 0 0 0 0 0 0 0 0 0 0 0 0 0 0 0 0 0 0 0 0 0 0 0 0 0 0 0 0 0 0 0 0 0 0 0 0 0 0 0 0 1 0 0 0 0 0 0 0 0]
[1857376334280438253357744470869068236037108925329849700978312207838017271780247942684704421142283595919603575166615118855701803122110152241220417473633589492919725278027353825 0 0 0 0 0 0 0 0 0 0 0 0 0 0 0 0 0 0 0 0 0 0 0 0 0 0 0 0 0 0 0 0 0 0 0 0 0 0 0 0 0 0 0 0 0 0 0 0 0 1 0 0 0 0 0 0 0]
[1081759239429835498612731089669079473678041143742167351072574766987553304181769467166593822254702118600310662454931674679547657504165873522440201297890572511809974122122131022 0 0 0 0 0 0 0 0 0 0 0 0 0 0 0 0 0 0 0 0 0 0 0 0 0 0 0 0 0 0 0 0 0 0 0 0 0 0 0 0 0 0 0 0 0 0 0 0 0 0 1 0 0 0 0 0 0]
[1250955350636399857580374469937760684626545259945064460725300748328396708132839718092229585083448688333724442804276645021441493597226543008932474712475661383709397607105060597 0 0 0 0 0 0 0 0 0 0 0 0 0 0 0 0 0 0 0 0 0 0 0 0 0 0 0 0 0 0 0 0 0 0 0 0 0 0 0 0 0 0 0 0 0 0 0 0 0 0 0 1 0 0 0 0 0]
[2855751972688392725301881912154159416492783369719135685377808119693737722747437289579382942952585437878023219872569360646284105926189730234436857203542897582881805976514226264 0 0 0 0 0 0 0 0 0 0 0 0 0 0 0 0 0 0 0 0 0 0 0 0 0 0 0 0 0 0 0 0 0 0 0 0 0 0 0 0 0 0 0 0 0 0 0 0 0 0 0 0 1 0 0 0 0]
[1494442182251350993816903560007110648843570374072005920310358639738525947671182659489394506503387307595603324641419306554430871390567533434254660218711077750098298959220564692 0 0 0 0 0 0 0 0 0 0 0 0 0 0 0 0 0 0 0 0 0 0 0 0 0 0 0 0 0 0 0 0 0 0 0 0 0 0 0 0 0 0 0 0 0 0 0 0 0 0 0 0 0 1 0 0 0]
[981564970380285212559792736788977915270497714143401473954660735241178677013840054670883002880655615097085160549934010578616124024155949152199522336872385854279833840114675096 0 0 0 0 0 0 0 0 0 0 0 0 0 0 0 0 0 0 0 0 0 0 0 0 0 0 0 0 0 0 0 0 0 0 0 0 0 0 0 0 0 0 0 0 0 0 0 0 0 0 0 0 0 0 1 0 0]
[2765973417076311452691478435408685437794928058842168107318806881413125310067206769262290234752578702137415805355679823379901457612789030537045043702767648365122925677910094815 0 0 0 0 0 0 0 0 0 0 0 0 0 0 0 0 0 0 0 0 0 0 0 0 0 0 0 0 0 0 0 0 0 0 0 0 0 0 0 0 0 0 0 0 0 0 0 0 0 0 0 0 0 0 0 1 0]
[2888088567156255018366790569110320603273071420922982354256148602948046845368319815434125624560801614138870536048210397161117099331561400370316145840360816010044463234492535042 0 0 0 0 0 0 0 0 0 0 0 0 0 0 0 0 0 0 0 0 0 0 0 0 0 0 0 0 0 0 0 0 0 0 0 0 0 0 0 0 0 0 0 0 0 0 0 0 0 0 0 0 0 0 0 0 1]
]
