[[3204932821990393577150085071345863792261601903963889088793308638313710208267500170473378996880229080424358528107806403926738667201680689931466937665283407769614758167809023826075827007212686595143285278024698689 0 0 0 0 0 0 0 0 0 0 0 0 0 0 0 0 0 0 0 0 0 0 0 0 0 0 0 0 0 0 0 0 0 0 0 0 0 0 0 0 0 0 0 0 0 0 0 0 0 0 0 0 0 0 0 0 0 0 0 0 0 0 0 0 0 0 0 0 0]
[1707685641818257913927318152585834211713526184099781442698480895215254909962505519215741821929069515138394208686622869424419991079923645870205931110339302050265679598877853201486382369696229136398674850218444071 1 0 0 0 0 0 0 0 0 0 0 0 0 0 0 0 0 0 0 0 0 0 0 0 0 0 0 0 0 0 0 0 0 0 0 0 0 0 0 0 0 0 0 0 0 0 0 0 0 0 0 0 0 0 0 0 0 0 0 0 0 0 0 0 0 0 0 0 0]
[753004520389557791866669345148839819160399430632236180280785629100589948465298970340987714150041141444771461126357322281750110068532127864333890147749099696724999621817155027277193451829584605205747252212273400 0 1 0 0 0 0 0 0 0 0 0 0 0 0 0 0 0 0 0 0 0 0 0 0 0 0 0 0 0 0 0 0 0 0 0 0 0 0 0 0 0 0 0 0 0 0 0 0 0 0 0 0 0 0 0 0 0 0 0 0 0 0 0 0 0 0 0 0 0]
[1604336337360397193132901239698140576936669623070815361523106393461482503680751476647337490265999805625690739370709418476124184436677263842761120214841501105891805387233811835704398367987589109282210101444041162 0 0 1 0 0 0 0 0 0 0 0 0 0 0 0 0 0 0 0 0 0 0 0 0 0 0 0 0 0 0 0 0 0 0 0 0 0 0 0 0 0 0 0 0 0 0 0 0 0 0 0 0 0 0 0 0 0 0 0 0 0 0 0 0 0 0 0 0 0]
[1058720870995629259202939548708841156231643909210017469918655323274348324153734809085336541741309564222030800006085127814438221220033975350837194295000844407220452704132661276272722293735273874765574164983964720 0 0 0 1 0 0 0 0 0 0 0 0 0 0 0 0 0 0 0 0 0 0 0 0 0 0 0 0 0 0 0 0 0 0 0 0 0 0 0 0 0 0 0 0 0 0 0 0 0 0 0 0 0 0 0 0 0 0 0 0 0 0 0 0 0 0 0 0 0]
[903245339185994399131361105897645027392055990737455968775519824152632477655036532509246218587265752557329168063261405549107121392522063735661688858195984245828106421098756666103446155358446690105023441701848580 0 0 0 0 1 0 0 0 0 0 0 0 0 0 0 0 0 0 0 0 0 0 0 0 0 0 0 0 0 0 0 0 0 0 0 0 0 0 0 0 0 0 0 0 0 0 0 0 0 0 0 0 0 0 0 0 0 0 0 0 0 0 0 0 0 0 0 0 0]
[3075864284201879330357953255121971173481265016269075691007291862507012933518472376705214186997420796659341879727896634180206833372914473267063563585885021262047208519532073508743166170006542762187796593351932828 0 0 0 0 0 1 0 0 0 0 0 0 0 0 0 0 0 0 0 0 0 0 0 0 0 0 0 0 0 0 0 0 0 0 0 0 0 0 0 0 0 0 0 0 0 0 0 0 0 0 0 0 0 0 0 0 0 0 0 0 0 0 0 0 0 0 0 0 0]
[2540612679367073624732799322140028398674268416286897831487733226864345425185422033383526447413720148463229529007290979710428939404860315113110014722425864596716514365281131907282595505646081325405581849080112913 0 0 0 0 0 0 1 0 0 0 0 0 0 0 0 0 0 0 0 0 0 0 0 0 0 0 0 0 0 0 0 0 0 0 0 0 0 0 0 0 0 0 0 0 0 0 0 0 0 0 0 0 0 0 0 0 0 0 0 0 0 0 0 0 0 0 0 0 0]
[877063367110346049888122366701661869380643439807429076188323758687300890984243884499851380437485804421897641901941967996260657487153142807360962202569556560368312520895547703866531606596019739194598085602003329 0 0 0 0 0 0 0 1 0 0 0 0 0 0 0 0 0 0 0 0 0 0 0 0 0 0 0 0 0 0 0 0 0 0 0 0 0 0 0 0 0 0 0 0 0 0 0 0 0 0 0 0 0 0 0 0 0 0 0 0 0 0 0 0 0 0 0 0 0]
[1044885696551384312271385087502592923190769396706133462614131169250843889629180834418283350583474107090713331853983651363301045884531920159921740361664948104438889109996221747095890517584733961315555353501229814 0 0 0 0 0 0 0 0 1 0 0 0 0 0 0 0 0 0 0 0 0 0 0 0 0 0 0 0 0 0 0 0 0 0 0 0 0 0 0 0 0 0 0 0 0 0 0 0 0 0 0 0 0 0 0 0 0 0 0 0 0 0 0 0 0 0 0 0 0]
[2431488515051450152078955983172601048711967040361895189598551806875242218289099480776996641884401653894518072418995675087050480582818321350766470994301784089341557168685064960778111210062322309266880354776278879 0 0 0 0 0 0 0 0 0 1 0 0 0 0 0 0 0 0 0 0 0 0 0 0 0 0 0 0 0 0 0 0 0 0 0 0 0 0 0 0 0 0 0 0 0 0 0 0 0 0 0 0 0 0 0 0 0 0 0 0 0 0 0 0 0 0 0 0 0]
[1933319476408547019001522358012618032244696930782757864215276782960373092765381446554227137926160264364883128746702975421157420990178131931339600339022232353545593067753313179133782547908868082290269247822593230 0 0 0 0 0 0 0 0 0 0 1 0 0 0 0 0 0 0 0 0 0 0 0 0 0 0 0 0 0 0 0 0 0 0 0 0 0 0 0 0 0 0 0 0 0 0 0 0 0 0 0 0 0 0 0 0 0 0 0 0 0 0 0 0 0 0 0 0 0]
[1378768751507803492795982812518597879440628931501576067173807461260328788331275465786358283994314912184210193346065798135530309839808691682910648510244211997836821621136009047353186565006866496903438088737979892 0 0 0 0 0 0 0 0 0 0 0 1 0 0 0 0 0 0 0 0 0 0 0 0 0 0 0 0 0 0 0 0 0 0 0 0 0 0 0 0 0 0 0 0 0 0 0 0 0 0 0 0 0 0 0 0 0 0 0 0 0 0 0 0 0 0 0 0 0]
[589920208664188478451733582698528297545844895336668252307080283666019850086638205761862557397860804135331024874594344665566819991590464512300142272123332164332390401350024579401363586678024812629644067581274244 0 0 0 0 0 0 0 0 0 0 0 0 1 0 0 0 0 0 0 0 0 0 0 0 0 0 0 0 0 0 0 0 0 0 0 0 0 0 0 0 0 0 0 0 0 0 0 0 0 0 0 0 0 0 0 0 0 0 0 0 0 0 0 0 0 0 0 0 0]
[762772175200416987867448230040052454505755982153300869996928658571747599113125239356293425626557234039621624272371724112714829663769356122780050454883407658392002731118868205119805403647739705200587421491637005 0 0 0 0 0 0 0 0 0 0 0 0 0 1 0 0 0 0 0 0 0 0 0 0 0 0 0 0 0 0 0 0 0 0 0 0 0 0 0 0 0 0 0 0 0 0 0 0 0 0 0 0 0 0 0 0 0 0 0 0 0 0 0 0 0 0 0 0 0]
[2168363930042456214064580772916175154721488170766102616530831802743056599096384373340215646555562620145875308665882110538879325278942574306281197784816594417544864344266268807590915199331202548930021798836543628 0 0 0 0 0 0 0 0 0 0 0 0 0 0 1 0 0 0 0 0 0 0 0 0 0 0 0 0 0 0 0 0 0 0 0 0 0 0 0 0 0 0 0 0 0 0 0 0 0 0 0 0 0 0 0 0 0 0 0 0 0 0 0 0 0 0 0 0 0]
[960160198889437862348288242478029393248405019933254862530543607209670353938821835156848096776090230573633382549464120286662538035386855893945593900351582857087114270355376710160896112494696954286276392622546244 0 0 0 0 0 0 0 0 0 0 0 0 0 0 0 1 0 0 0 0 0 0 0 0 0 0 0 0 0 0 0 0 0 0 0 0 0 0 0 0 0 0 0 0 0 0 0 0 0 0 0 0 0 0 0 0 0 0 0 0 0 0 0 0 0 0 0 0 0]
[524537147960512657726812133068973980948032911339577707675049454497042737503501578378060570525804919844569728620802834677721023329335063742844200195539113243072935653584283042283316658210541844739339343820749781 0 0 0 0 0 0 0 0 0 0 0 0 0 0 0 0 1 0 0 0 0 0 0 0 0 0 0 0 0 0 0 0 0 0 0 0 0 0 0 0 0 0 0 0 0 0 0 0 0 0 0 0 0 0 0 0 0 0 0 0 0 0 0 0 0 0 0 0 0]
[305267032439532208150391563279202241552628648393954537175570901032985000397826541784219967131952989854249054417572939661101232358022943514534575855846056242425988259134871689914303081071688563546959227674935291 0 0 0 0 0 0 0 0 0 0 0 0 0 0 0 0 0 1 0 0 0 0 0 0 0 0 0 0 0 0 0 0 0 0 0 0 0 0 0 0 0 0 0 0 0 0 0 0 0 0 0 0 0 0 0 0 0 0 0 0 0 0 0 0 0 0 0 0 0]
[1903112624805070012122133701443498325037143401861092751371736305065811572071609619775148137091104244111152295351459165333215266522817006580751886629303762595015235812259400563891164187291801412837740832594036909 0 0 0 0 0 0 0 0 0 0 0 0 0 0 0 0 0 0 1 0 0 0 0 0 0 0 0 0 0 0 0 0 0 0 0 0 0 0 0 0 0 0 0 0 0 0 0 0 0 0 0 0 0 0 0 0 0 0 0 0 0 0 0 0 0 0 0 0 0]
[2590123127772353938002620755902444093973445448417000410940519314196510350422703350632339552719142727348315892797677300434824700260843463489361855371041992994182183658283271801037087089793516301028452132209469326 0 0 0 0 0 0 0 0 0 0 0 0 0 0 0 0 0 0 0 1 0 0 0 0 0 0 0 0 0 0 0 0 0 0 0 0 0 0 0 0 0 0 0 0 0 0 0 0 0 0 0 0 0 0 0 0 0 0 0 0 0 0 0 0 0 0 0 0 0]
[3129093731604609422916003372274125050708687999871690719408427795924690518622785273067470147681618147794828378461420640013274580320322929410124439249986438762424812183434302195602824922959456893944630963829441943 0 0 0 0 0 0 0 0 0 0 0 0 0 0 0 0 0 0 0 0 1 0 0 0 0 0 0 0 0 0 0 0 0 0 0 0 0 0 0 0 0 0 0 0 0 0 0 0 0 0 0 0 0 0 0 0 0 0 0 0 0 0 0 0 0 0 0 0 0]
[1623569774854982237806572364547243904272271391867062989581537994429909907238124764955164664745123768167337030832109344116237569750997342192641344710792045723418583059615619980397452029786942989434984398598846843 0 0 0 0 0 0 0 0 0 0 0 0 0 0 0 0 0 0 0 0 0 1 0 0 0 0 0 0 0 0 0 0 0 0 0 0 0 0 0 0 0 0 0 0 0 0 0 0 0 0 0 0 0 0 0 0 0 0 0 0 0 0 0 0 0 0 0 0 0]
[1391030708604857213904743510541171607739217683967542438181814456432508818720347286662769819272579258993915660902858450063663620881973226213374881313747163986611218854838308560198335753631048461881593950814608511 0 0 0 0 0 0 0 0 0 0 0 0 0 0 0 0 0 0 0 0 0 0 1 0 0 0 0 0 0 0 0 0 0 0 0 0 0 0 0 0 0 0 0 0 0 0 0 0 0 0 0 0 0 0 0 0 0 0 0 0 0 0 0 0 0 0 0 0 0]
[623297724219598803344818389638521588080123186437660005466947265672851509431076004363267168461542031141645092268862014558267430852869083120549172145321819710238792544072980360517161845816842030045218468525877026 0 0 0 0 0 0 0 0 0 0 0 0 0 0 0 0 0 0 0 0 0 0 0 1 0 0 0 0 0 0 0 0 0 0 0 0 0 0 0 0 0 0 0 0 0 0 0 0 0 0 0 0 0 0 0 0 0 0 0 0 0 0 0 0 0 0 0 0 0]
[3047985326978294567510652065702551897795235693422763548418533011530792410081745726238806837748986010254183300674931956770369016120841204534982017065046294891043826198985870547672508041374562407345999042658112102 0 0 0 0 0 0 0 0 0 0 0 0 0 0 0 0 0 0 0 0 0 0 0 0 1 0 0 0 0 0 0 0 0 0 0 0 0 0 0 0 0 0 0 0 0 0 0 0 0 0 0 0 0 0 0 0 0 0 0 0 0 0 0 0 0 0 0 0 0]
[1684814241336536015364949183627128124371976767589482899358651487144089364990165371334038742043900093478425697450696132962579247574883282664895843786148267513203526343585423352089530992930923396016547043440386713 0 0 0 0 0 0 0 0 0 0 0 0 0 0 0 0 0 0 0 0 0 0 0 0 0 1 0 0 0 0 0 0 0 0 0 0 0 0 0 0 0 0 0 0 0 0 0 0 0 0 0 0 0 0 0 0 0 0 0 0 0 0 0 0 0 0 0 0 0]
[243800891806941534711019523214817996221693463324202343191090902443806567645448335337696039060867997821546230809556047539585528495074687224066748620625797007615121866299005313106954120796442212801258791418679312 0 0 0 0 0 0 0 0 0 0 0 0 0 0 0 0 0 0 0 0 0 0 0 0 0 0 1 0 0 0 0 0 0 0 0 0 0 0 0 0 0 0 0 0 0 0 0 0 0 0 0 0 0 0 0 0 0 0 0 0 0 0 0 0 0 0 0 0 0]
[430245810978804058988427837031327331155453644634337449511514525830453651176902591139546235504828382175591792438058434204873322708019298785309389376200886133084772449307219935621054946435606439331926210404901027 0 0 0 0 0 0 0 0 0 0 0 0 0 0 0 0 0 0 0 0 0 0 0 0 0 0 0 1 0 0 0 0 0 0 0 0 0 0 0 0 0 0 0 0 0 0 0 0 0 0 0 0 0 0 0 0 0 0 0 0 0 0 0 0 0 0 0 0 0]
[776895184108738488102944775683199708380568325439823050189421179489407286047501843820324088397763099469686540148074624787031875064220775023933924952682897301097125381356692261865983953161433159527465635015318295 0 0 0 0 0 0 0 0 0 0 0 0 0 0 0 0 0 0 0 0 0 0 0 0 0 0 0 0 1 0 0 0 0 0 0 0 0 0 0 0 0 0 0 0 0 0 0 0 0 0 0 0 0 0 0 0 0 0 0 0 0 0 0 0 0 0 0 0 0]
[2411555423362363994108857477077205494533126869029304133773149014318960235374710665963725329531153575655449908184050878790215763765923777305347244441414428725880595228458057466489077604040802032175597758316727382 0 0 0 0 0 0 0 0 0 0 0 0 0 0 0 0 0 0 0 0 0 0 0 0 0 0 0 0 0 1 0 0 0 0 0 0 0 0 0 0 0 0 0 0 0 0 0 0 0 0 0 0 0 0 0 0 0 0 0 0 0 0 0 0 0 0 0 0 0]
[2813212252376280461059540190726424095118472543002875787834564651321141654161629046017345000866375321185805394504128312596495753751921957506250197771636028376473319836169046888434314252176450977900394143483657420 0 0 0 0 0 0 0 0 0 0 0 0 0 0 0 0 0 0 0 0 0 0 0 0 0 0 0 0 0 0 1 0 0 0 0 0 0 0 0 0 0 0 0 0 0 0 0 0 0 0 0 0 0 0 0 0 0 0 0 0 0 0 0 0 0 0 0 0 0]
[2136309114635424052729035772981918720319486077409408813999999327949756059451489639700965154366304677800348087538678136344193965716349688903128361926279049967656158562959818846851767004720564495309533327758505870 0 0 0 0 0 0 0 0 0 0 0 0 0 0 0 0 0 0 0 0 0 0 0 0 0 0 0 0 0 0 0 1 0 0 0 0 0 0 0 0 0 0 0 0 0 0 0 0 0 0 0 0 0 0 0 0 0 0 0 0 0 0 0 0 0 0 0 0 0]
[2758093246781664968140639229680153961992792800764165700550939879371329271069906648084606494701406918942714275070266236061017147005600774801289911716818353915218780869834343900463792254894873072875495165246694241 0 0 0 0 0 0 0 0 0 0 0 0 0 0 0 0 0 0 0 0 0 0 0 0 0 0 0 0 0 0 0 0 1 0 0 0 0 0 0 0 0 0 0 0 0 0 0 0 0 0 0 0 0 0 0 0 0 0 0 0 0 0 0 0 0 0 0 0 0]
[2884908409984674563936790245098174855796924178357327672859882526711356618236795433092274205716629622079846472819176633569832880909983040360316384434228945339563372282545374602174831566062902608499371315111144636 0 0 0 0 0 0 0 0 0 0 0 0 0 0 0 0 0 0 0 0 0 0 0 0 0 0 0 0 0 0 0 0 0 1 0 0 0 0 0 0 0 0 0 0 0 0 0 0 0 0 0 0 0 0 0 0 0 0 0 0 0 0 0 0 0 0 0 0 0]
[365608847754204490458739900453152528828421853306694639730133760418817106029963789145856321738313926015957829903034699919376551424844784295006349690856257967365058151272155153113655093979155733752391756851423110 0 0 0 0 0 0 0 0 0 0 0 0 0 0 0 0 0 0 0 0 0 0 0 0 0 0 0 0 0 0 0 0 0 0 1 0 0 0 0 0 0 0 0 0 0 0 0 0 0 0 0 0 0 0 0 0 0 0 0 0 0 0 0 0 0 0 0 0 0]
[1495094768244060405364710471483696642361806870927988924049926070319952535068204786374754755173178062481211345468329030167660374910798504651013432917209522870320816080242008925850215731669011126561431697554450848 0 0 0 0 0 0 0 0 0 0 0 0 0 0 0 0 0 0 0 0 0 0 0 0 0 0 0 0 0 0 0 0 0 0 0 1 0 0 0 0 0 0 0 0 0 0 0 0 0 0 0 0 0 0 0 0 0 0 0 0 0 0 0 0 0 0 0 0 0]
[889530790973650248328956480940703799809090588170413883989847107977882807273036561208302796753418999243168808640431085679454584424085375340967221436009624892471855567262034970807720987937852049648637038284713466 0 0 0 0 0 0 0 0 0 0 0 0 0 0 0 0 0 0 0 0 0 0 0 0 0 0 0 0 0 0 0 0 0 0 0 0 1 0 0 0 0 0 0 0 0 0 0 0 0 0 0 0 0 0 0 0 0 0 0 0 0 0 0 0 0 0 0 0 0]
[2741149825256374573947448779575928879702277407447708669140036746425998641231028842528124459456463524730552050809925536819269525756837112930775602269752240266079107143166086805934553112959855780776285225599551394 0 0 0 0 0 0 0 0 0 0 0 0 0 0 0 0 0 0 0 0 0 0 0 0 0 0 0 0 0 0 0 0 0 0 0 0 0 1 0 0 0 0 0 0 0 0 0 0 0 0 0 0 0 0 0 0 0 0 0 0 0 0 0 0 0 0 0 0 0]
[2729194270876635057104489244718220265090656346805960764570271374386825300648153676855018482953642530136692116751689950464807578906080637481529775841366147473225203388252090055582348836956869175795280144781200023 0 0 0 0 0 0 0 0 0 0 0 0 0 0 0 0 0 0 0 0 0 0 0 0 0 0 0 0 0 0 0 0 0 0 0 0 0 0 1 0 0 0 0 0 0 0 0 0 0 0 0 0 0 0 0 0 0 0 0 0 0 0 0 0 0 0 0 0 0]
[654224876367711460724071198618446300408634975356278761786466448791941788799172904565858644637590970369743896028563511282514236655924189840950456982450135302332736046702208618195532262024342641912456625767684500 0 0 0 0 0 0 0 0 0 0 0 0 0 0 0 0 0 0 0 0 0 0 0 0 0 0 0 0 0 0 0 0 0 0 0 0 0 0 0 1 0 0 0 0 0 0 0 0 0 0 0 0 0 0 0 0 0 0 0 0 0 0 0 0 0 0 0 0 0]
[2652074792195934426645421351829938832245323408060625262240706010022950199147973691528661994542960420409535715926739136668266118172034716689231863241279059717080141563530013916229673256126214852407186208411036776 0 0 0 0 0 0 0 0 0 0 0 0 0 0 0 0 0 0 0 0 0 0 0 0 0 0 0 0 0 0 0 0 0 0 0 0 0 0 0 0 1 0 0 0 0 0 0 0 0 0 0 0 0 0 0 0 0 0 0 0 0 0 0 0 0 0 0 0 0]
[2740501224439028698957647121140767495121934318062522236183185838788372266235571645176552952371590190651268885223987779460989868644250774019299408011936711853364858776218266352924901258476832566888755004961562837 0 0 0 0 0 0 0 0 0 0 0 0 0 0 0 0 0 0 0 0 0 0 0 0 0 0 0 0 0 0 0 0 0 0 0 0 0 0 0 0 0 1 0 0 0 0 0 0 0 0 0 0 0 0 0 0 0 0 0 0 0 0 0 0 0 0 0 0 0]
[3203766312876600096201871972812533286658160935292681676265483857971937148047929963431580942357840649617831116249947898683710304203447227180461208257318320321853573239544509480755815833662352193204366138583070961 0 0 0 0 0 0 0 0 0 0 0 0 0 0 0 0 0 0 0 0 0 0 0 0 0 0 0 0 0 0 0 0 0 0 0 0 0 0 0 0 0 0 1 0 0 0 0 0 0 0 0 0 0 0 0 0 0 0 0 0 0 0 0 0 0 0 0 0 0]
[1699992147171376154870590224762030948803381899646758950627434644702950306132520468018958805606072597626205083229758563621270270463456397872452884621843414078480940671322979832871513127611566846178753689721533126 0 0 0 0 0 0 0 0 0 0 0 0 0 0 0 0 0 0 0 0 0 0 0 0 0 0 0 0 0 0 0 0 0 0 0 0 0 0 0 0 0 0 0 1 0 0 0 0 0 0 0 0 0 0 0 0 0 0 0 0 0 0 0 0 0 0 0 0 0]
[752427937026103480300824856193924524202648010466374710343100953811635355375196044052360043721011182663215911907356666273659086348345224232006346191316048180454321236711596422667249002393591019892397657246148230 0 0 0 0 0 0 0 0 0 0 0 0 0 0 0 0 0 0 0 0 0 0 0 0 0 0 0 0 0 0 0 0 0 0 0 0 0 0 0 0 0 0 0 0 1 0 0 0 0 0 0 0 0 0 0 0 0 0 0 0 0 0 0 0 0 0 0 0 0]
[39813935392006908264781279348055213401286696149028185197891104150329605531669831953587230201372170855185023414994146983639312369603347620604660101327317315582399828792972541971545730957716976678487879491140301 0 0 0 0 0 0 0 0 0 0 0 0 0 0 0 0 0 0 0 0 0 0 0 0 0 0 0 0 0 0 0 0 0 0 0 0 0 0 0 0 0 0 0 0 0 1 0 0 0 0 0 0 0 0 0 0 0 0 0 0 0 0 0 0 0 0 0 0 0]
[1347813921988834952981716892157145953108177641644147772684112666536817605889972402228217242751751817489886465010967848521732582109205551158096264457661162566330504068092504607445015321073355597000394703623300982 0 0 0 0 0 0 0 0 0 0 0 0 0 0 0 0 0 0 0 0 0 0 0 0 0 0 0 0 0 0 0 0 0 0 0 0 0 0 0 0 0 0 0 0 0 0 1 0 0 0 0 0 0 0 0 0 0 0 0 0 0 0 0 0 0 0 0 0 0]
[1152656428736207471289426080190127992357996242815859562084073287876887976660109081143305292051961787303517855232811113871116108345173850663877365121325673725914431977561578221105370340317350512867787580263452758 0 0 0 0 0 0 0 0 0 0 0 0 0 0 0 0 0 0 0 0 0 0 0 0 0 0 0 0 0 0 0 0 0 0 0 0 0 0 0 0 0 0 0 0 0 0 0 1 0 0 0 0 0 0 0 0 0 0 0 0 0 0 0 0 0 0 0 0 0]
[2530012073115213663357636878341520036685339683150118381224848222836745025064402152447285060107654540088175999707640676553928550585362090647886644221204473922560971674466443915089615476367194619751483846354685241 0 0 0 0 0 0 0 0 0 0 0 0 0 0 0 0 0 0 0 0 0 0 0 0 0 0 0 0 0 0 0 0 0 0 0 0 0 0 0 0 0 0 0 0 0 0 0 0 1 0 0 0 0 0 0 0 0 0 0 0 0 0 0 0 0 0 0 0 0]
[870508074806980488763259304501865711031305535095136812248805983709892729717723040935496663508930183140918110092386330432866356669860832546875495928539483507940256801674451597988842433744311623761024457001859687 0 0 0 0 0 0 0 0 0 0 0 0 0 0 0 0 0 0 0 0 0 0 0 0 0 0 0 0 0 0 0 0 0 0 0 0 0 0 0 0 0 0 0 0 0 0 0 0 0 1 0 0 0 0 0 0 0 0 0 0 0 0 0 0 0 0 0 0 0]
[1327098329285688930090113901316022828681213849096426155149719983048265236600595110057020997444381551925486761963101570068385678062007074362004709965832620626501760543457003361374607116221879048008841227110611951 0 0 0 0 0 0 0 0 0 0 0 0 0 0 0 0 0 0 0 0 0 0 0 0 0 0 0 0 0 0 0 0 0 0 0 0 0 0 0 0 0 0 0 0 0 0 0 0 0 0 1 0 0 0 0 0 0 0 0 0 0 0 0 0 0 0 0 0 0]
[2956193945665364959293392814853858629340557222449641906431601497010864060152690713978935245297306884105365563682395860892141466434882434958619707137315207249162021565692809564077419921757566773948110296447159459 0 0 0 0 0 0 0 0 0 0 0 0 0 0 0 0 0 0 0 0 0 0 0 0 0 0 0 0 0 0 0 0 0 0 0 0 0 0 0 0 0 0 0 0 0 0 0 0 0 0 0 1 0 0 0 0 0 0 0 0 0 0 0 0 0 0 0 0 0]
[2034891880341440771638956170783872660002270314918192366872086365007649361479283471608355867497365753640091880033089680543803099177868799401699200702339250174606484472366132407665871022509312494147251622076564180 0 0 0 0 0 0 0 0 0 0 0 0 0 0 0 0 0 0 0 0 0 0 0 0 0 0 0 0 0 0 0 0 0 0 0 0 0 0 0 0 0 0 0 0 0 0 0 0 0 0 0 0 1 0 0 0 0 0 0 0 0 0 0 0 0 0 0 0 0]
[672785871702093639137243658616608035967714073981713100679262075205992488758873129291114930354903015144841002610829425831418078513396717143562947892036576757400859049909972537956635397365154148706382362310320744 0 0 0 0 0 0 0 0 0 0 0 0 0 0 0 0 0 0 0 0 0 0 0 0 0 0 0 0 0 0 0 0 0 0 0 0 0 0 0 0 0 0 0 0 0 0 0 0 0 0 0 0 0 1 0 0 0 0 0 0 0 0 0 0 0 0 0 0 0]
[1098096849187747309366738945400859933053029089164428906000408536082725709368937805647681333561808707896560622663026890631942902857649379628243490999578335485558725995656480455905940741739675066986856314648369370 0 0 0 0 0 0 0 0 0 0 0 0 0 0 0 0 0 0 0 0 0 0 0 0 0 0 0 0 0 0 0 0 0 0 0 0 0 0 0 0 0 0 0 0 0 0 0 0 0 0 0 0 0 0 1 0 0 0 0 0 0 0 0 0 0 0 0 0 0]
[3166795018883891107635103838311661708631269630287529752758480342168002367915420726768807562602225214194944415403049975352916904814499005078588028634218993538485364869810285631402693592122688357606010196544526815 0 0 0 0 0 0 0 0 0 0 0 0 0 0 0 0 0 0 0 0 0 0 0 0 0 0 0 0 0 0 0 0 0 0 0 0 0 0 0 0 0 0 0 0 0 0 0 0 0 0 0 0 0 0 0 1 0 0 0 0 0 0 0 0 0 0 0 0 0]
[1153089862441744869612317183931097913919898618569582277660829186419415079783018849019102693830103329914326095334890979706251335971518519325031882448764008866525003886404266176095998954569241718980676854480299592 0 0 0 0 0 0 0 0 0 0 0 0 0 0 0 0 0 0 0 0 0 0 0 0 0 0 0 0 0 0 0 0 0 0 0 0 0 0 0 0 0 0 0 0 0 0 0 0 0 0 0 0 0 0 0 0 1 0 0 0 0 0 0 0 0 0 0 0 0]
[3002434401964189723153260686096882817712749174451107898897411192708353621471025441809500013195418468822734277977692541834985518823327989137117266657228757159304769578092377063441963514197359474276794919302706481 0 0 0 0 0 0 0 0 0 0 0 0 0 0 0 0 0 0 0 0 0 0 0 0 0 0 0 0 0 0 0 0 0 0 0 0 0 0 0 0 0 0 0 0 0 0 0 0 0 0 0 0 0 0 0 0 0 1 0 0 0 0 0 0 0 0 0 0 0]
[1457887115458131726152997170412522471128061414788189593748552168147033673817266744872326081166037755486394395821851687188655544004423465114716629224174639436539502413583001382627194494092047838479756687681570513 0 0 0 0 0 0 0 0 0 0 0 0 0 0 0 0 0 0 0 0 0 0 0 0 0 0 0 0 0 0 0 0 0 0 0 0 0 0 0 0 0 0 0 0 0 0 0 0 0 0 0 0 0 0 0 0 0 0 1 0 0 0 0 0 0 0 0 0 0]
[2939544014375841580992353625567765471070342862458489094235217134362532909474108493747107506990537459941888636893481068606097360453656838045798901970876668499365784972029551285513717541492219002990224588432015196 0 0 0 0 0 0 0 0 0 0 0 0 0 0 0 0 0 0 0 0 0 0 0 0 0 0 0 0 0 0 0 0 0 0 0 0 0 0 0 0 0 0 0 0 0 0 0 0 0 0 0 0 0 0 0 0 0 0 0 1 0 0 0 0 0 0 0 0 0]
[2219357809318229611675627815286297988804380537471855838525948857655314401844749805052229661088863595814214304758060605562472427998338056295522188647132850926999506632185198953106635847245842382180210056853307494 0 0 0 0 0 0 0 0 0 0 0 0 0 0 0 0 0 0 0 0 0 0 0 0 0 0 0 0 0 0 0 0 0 0 0 0 0 0 0 0 0 0 0 0 0 0 0 0 0 0 0 0 0 0 0 0 0 0 0 0 1 0 0 0 0 0 0 0 0]
[1293687743564843356193274334374299265436852648793823681073165833770058606885902893529057891334542693090529275530363557572346051495940549119920040288388310771002840076485783666231681506448264919608392968005848152 0 0 0 0 0 0 0 0 0 0 0 0 0 0 0 0 0 0 0 0 0 0 0 0 0 0 0 0 0 0 0 0 0 0 0 0 0 0 0 0 0 0 0 0 0 0 0 0 0 0 0 0 0 0 0 0 0 0 0 0 0 1 0 0 0 0 0 0 0]
[273680561928313499954925600421627906991389832512886947013739501794693168036035934240407752605794707417241154421049367150191318726546912057228449924059532981455404115631795276815863043311220554795859967566738462 0 0 0 0 0 0 0 0 0 0 0 0 0 0 0 0 0 0 0 0 0 0 0 0 0 0 0 0 0 0 0 0 0 0 0 0 0 0 0 0 0 0 0 0 0 0 0 0 0 0 0 0 0 0 0 0 0 0 0 0 0 0 1 0 0 0 0 0 0]
[652018772336650427508537063315385972018574245646415547841792037773944187567836252065930644171566396225010297232247245188955261912538666224352512662109650158470520185879612936612905174416274768801184030438938951 0 0 0 0 0 0 0 0 0 0 0 0 0 0 0 0 0 0 0 0 0 0 0 0 0 0 0 0 0 0 0 0 0 0 0 0 0 0 0 0 0 0 0 0 0 0 0 0 0 0 0 0 0 0 0 0 0 0 0 0 0 0 0 1 0 0 0 0 0]
[3138351954223819368008541670822219823446587627475645919032222473360904293056828009645140850207784590965217603265908216435786997851409504081412929655518480488440173529014227143342584004156525361537102286322753380 0 0 0 0 0 0 0 0 0 0 0 0 0 0 0 0 0 0 0 0 0 0 0 0 0 0 0 0 0 0 0 0 0 0 0 0 0 0 0 0 0 0 0 0 0 0 0 0 0 0 0 0 0 0 0 0 0 0 0 0 0 0 0 0 1 0 0 0 0]
[1706551745286117794900109021513700364749858594415214593382825716942556589486481230832091850884949585876722768826956518883745552509636106111543331943325290424309661102025969645021862645390345262684318474881463456 0 0 0 0 0 0 0 0 0 0 0 0 0 0 0 0 0 0 0 0 0 0 0 0 0 0 0 0 0 0 0 0 0 0 0 0 0 0 0 0 0 0 0 0 0 0 0 0 0 0 0 0 0 0 0 0 0 0 0 0 0 0 0 0 0 1 0 0 0]
[1310344098079387174732227393018686598085372582650696922762321323860116372389016999472433353673286832161518553723543252879138666662141633533513953726933321448924743964133978239101218863312910735996917919325280291 0 0 0 0 0 0 0 0 0 0 0 0 0 0 0 0 0 0 0 0 0 0 0 0 0 0 0 0 0 0 0 0 0 0 0 0 0 0 0 0 0 0 0 0 0 0 0 0 0 0 0 0 0 0 0 0 0 0 0 0 0 0 0 0 0 0 1 0 0]
[2115931795112420895941731109565132566890750705131183210119173399103792360472630319545643609517140389039898418692157635556191241857667676041015591216999713823773585008652720916065834133227748732967411368555154123 0 0 0 0 0 0 0 0 0 0 0 0 0 0 0 0 0 0 0 0 0 0 0 0 0 0 0 0 0 0 0 0 0 0 0 0 0 0 0 0 0 0 0 0 0 0 0 0 0 0 0 0 0 0 0 0 0 0 0 0 0 0 0 0 0 0 0 1 0]
[136945865356781837475390756486600235062249496415894873290080545143547270959158932807880883914835177975517054390680163566230816534633723109370900408499230798320826288554788945030564366367119912618822881279913507 0 0 0 0 0 0 0 0 0 0 0 0 0 0 0 0 0 0 0 0 0 0 0 0 0 0 0 0 0 0 0 0 0 0 0 0 0 0 0 0 0 0 0 0 0 0 0 0 0 0 0 0 0 0 0 0 0 0 0 0 0 0 0 0 0 0 0 0 1]
]
